<Qucs Dataset 0.0.18>
<indep time 201>
  +0.00000000000e+000
  +5.00000000000e-005
  +1.00000000000e-004
  +1.50000000000e-004
  +2.00000000000e-004
  +2.50000000000e-004
  +3.00000000000e-004
  +3.50000000000e-004
  +4.00000000000e-004
  +4.50000000000e-004
  +5.00000000000e-004
  +5.50000000000e-004
  +6.00000000000e-004
  +6.50000000000e-004
  +7.00000000000e-004
  +7.50000000000e-004
  +8.00000000000e-004
  +8.50000000000e-004
  +9.00000000000e-004
  +9.50000000000e-004
  +1.00000000000e-003
  +1.05000000000e-003
  +1.10000000000e-003
  +1.15000000000e-003
  +1.20000000000e-003
  +1.25000000000e-003
  +1.30000000000e-003
  +1.35000000000e-003
  +1.40000000000e-003
  +1.45000000000e-003
  +1.50000000000e-003
  +1.55000000000e-003
  +1.60000000000e-003
  +1.65000000000e-003
  +1.70000000000e-003
  +1.75000000000e-003
  +1.80000000000e-003
  +1.85000000000e-003
  +1.90000000000e-003
  +1.95000000000e-003
  +2.00000000000e-003
  +2.05000000000e-003
  +2.10000000000e-003
  +2.15000000000e-003
  +2.20000000000e-003
  +2.25000000000e-003
  +2.30000000000e-003
  +2.35000000000e-003
  +2.40000000000e-003
  +2.45000000000e-003
  +2.50000000000e-003
  +2.55000000000e-003
  +2.60000000000e-003
  +2.65000000000e-003
  +2.70000000000e-003
  +2.75000000000e-003
  +2.80000000000e-003
  +2.85000000000e-003
  +2.90000000000e-003
  +2.95000000000e-003
  +3.00000000000e-003
  +3.05000000000e-003
  +3.10000000000e-003
  +3.15000000000e-003
  +3.20000000000e-003
  +3.25000000000e-003
  +3.30000000000e-003
  +3.35000000000e-003
  +3.40000000000e-003
  +3.45000000000e-003
  +3.50000000000e-003
  +3.55000000000e-003
  +3.60000000000e-003
  +3.65000000000e-003
  +3.70000000000e-003
  +3.75000000000e-003
  +3.80000000000e-003
  +3.85000000000e-003
  +3.90000000000e-003
  +3.95000000000e-003
  +4.00000000000e-003
  +4.05000000000e-003
  +4.10000000000e-003
  +4.15000000000e-003
  +4.20000000000e-003
  +4.25000000000e-003
  +4.30000000000e-003
  +4.35000000000e-003
  +4.40000000000e-003
  +4.45000000000e-003
  +4.50000000000e-003
  +4.55000000000e-003
  +4.60000000000e-003
  +4.65000000000e-003
  +4.70000000000e-003
  +4.75000000000e-003
  +4.80000000000e-003
  +4.85000000000e-003
  +4.90000000000e-003
  +4.95000000000e-003
  +5.00000000000e-003
  +5.05000000000e-003
  +5.10000000000e-003
  +5.15000000000e-003
  +5.20000000000e-003
  +5.25000000000e-003
  +5.30000000000e-003
  +5.35000000000e-003
  +5.40000000000e-003
  +5.45000000000e-003
  +5.50000000000e-003
  +5.55000000000e-003
  +5.60000000000e-003
  +5.65000000000e-003
  +5.70000000000e-003
  +5.75000000000e-003
  +5.80000000000e-003
  +5.85000000000e-003
  +5.90000000000e-003
  +5.95000000000e-003
  +6.00000000000e-003
  +6.05000000000e-003
  +6.10000000000e-003
  +6.15000000000e-003
  +6.20000000000e-003
  +6.25000000000e-003
  +6.30000000000e-003
  +6.35000000000e-003
  +6.40000000000e-003
  +6.45000000000e-003
  +6.50000000000e-003
  +6.55000000000e-003
  +6.60000000000e-003
  +6.65000000000e-003
  +6.70000000000e-003
  +6.75000000000e-003
  +6.80000000000e-003
  +6.85000000000e-003
  +6.90000000000e-003
  +6.95000000000e-003
  +7.00000000000e-003
  +7.05000000000e-003
  +7.10000000000e-003
  +7.15000000000e-003
  +7.20000000000e-003
  +7.25000000000e-003
  +7.30000000000e-003
  +7.35000000000e-003
  +7.40000000000e-003
  +7.45000000000e-003
  +7.50000000000e-003
  +7.55000000000e-003
  +7.60000000000e-003
  +7.65000000000e-003
  +7.70000000000e-003
  +7.75000000000e-003
  +7.80000000000e-003
  +7.85000000000e-003
  +7.90000000000e-003
  +7.95000000000e-003
  +8.00000000000e-003
  +8.05000000000e-003
  +8.10000000000e-003
  +8.15000000000e-003
  +8.20000000000e-003
  +8.25000000000e-003
  +8.30000000000e-003
  +8.35000000000e-003
  +8.40000000000e-003
  +8.45000000000e-003
  +8.50000000000e-003
  +8.55000000000e-003
  +8.60000000000e-003
  +8.65000000000e-003
  +8.70000000000e-003
  +8.75000000000e-003
  +8.80000000000e-003
  +8.85000000000e-003
  +8.90000000000e-003
  +8.95000000000e-003
  +9.00000000000e-003
  +9.05000000000e-003
  +9.10000000000e-003
  +9.15000000000e-003
  +9.20000000000e-003
  +9.25000000000e-003
  +9.30000000000e-003
  +9.35000000000e-003
  +9.40000000000e-003
  +9.45000000000e-003
  +9.50000000000e-003
  +9.55000000000e-003
  +9.60000000000e-003
  +9.65000000000e-003
  +9.70000000000e-003
  +9.75000000000e-003
  +9.80000000000e-003
  +9.85000000000e-003
  +9.90000000000e-003
  +9.95000000000e-003
  +1.00000000000e-002
</indep>
<dep A_v time>
  -inf-jnan
  -1.93026745903e+001
  -1.82769754655e+001
  -1.72007238044e+001
  -1.60031750911e+001
  -1.45801973206e+001
  -1.27354638209e+001
  -1.00272506169e+001
  -5.14640960126e+000
  +8.44105019970e+000
  +6.69819175823e+016
  -4.26839282530e+001
  -2.90457119931e+001
  -2.40604173509e+001
  -2.11621918803e+001
  -1.89763804343e+001
  -1.69325451747e+001
  -1.45370272272e+001
  -1.07934598286e+001
  -1.17914239058e+000
  +2.28749584146e+016
  -3.55028867015e+001
  -2.58715371887e+001
  -2.21111529205e+001
  -1.97141449377e+001
  -1.77096013508e+001
  -1.56487471000e+001
  -1.30563070192e+001
  -8.83035823124e+000
  +2.24751886891e+000
  +1.77202038223e+016
  -3.78336581852e+001
  -2.67833199444e+001
  -2.25986078713e+001
  -2.00535388097e+001
  -1.80341294732e+001
  -1.60455833420e+001
  -1.36026412379e+001
  -9.64094553693e+000
  +7.83532793512e-001
  +1.25439869694e+016
  -3.70668479644e+001
  -2.66043361743e+001
  -2.25848161905e+001
  -2.00719839374e+001
  -1.80113671924e+001
  -1.59297108061e+001
  -1.33484736717e+001
  -9.18584240457e+000
  +1.64987523144e+000
  +1.03654164010e+016
  -3.73658668975e+001
  -2.65652638480e+001
  -2.24578429560e+001
  -1.99468998675e+001
  -1.79436065628e+001
  -1.59604725856e+001
  -1.35130660576e+001
  -9.53051819675e+000
  +9.71609419606e-001
  +8.43341847572e+015
  -3.72171567115e+001
  -2.66748177559e+001
  -2.26304129318e+001
  -2.01064650117e+001
  -1.80404779877e+001
  -1.59568497919e+001
  -1.33767360772e+001
  -9.22028668003e+000
  +1.59185915394e+000
  +7.38533701088e+015
  -3.73202546972e+001
  -2.65439468197e+001
  -2.24440421033e+001
  -1.99364113514e+001
  -1.79346716661e+001
  -1.59520390423e+001
  -1.35041517114e+001
  -9.51947587260e+000
  +9.90516986605e-001
  +6.33043093811e+015
  -3.72324591735e+001
  -2.66820469609e+001
  -2.26351289714e+001
  -2.01100649110e+001
  -1.80435492327e+001
  -1.59597467178e+001
  -1.33797925112e+001
  -9.22406593811e+000
  +1.58539100175e+000
  -2.58270288220e+015
  -3.73149789016e+001
  -2.65414291112e+001
  -2.24423748640e+001
  -1.99351130511e+001
  -1.79335364005e+001
  -1.59509370573e+001
  -1.35029514654e+001
  -9.51794064604e+000
  +9.93237559490e-001
  +5.06498568454e+015
  -3.72348349924e+001
  -2.66832174309e+001
  -2.26359274051e+001
  -2.01107039315e+001
  -1.80441223448e+001
  -1.59603164024e+001
  -1.33804273370e+001
  -9.22489660134e+000
  +1.58388422087e+000
  +1.29161769174e+015
  -3.73135943058e+001
  -2.65407273934e+001
  -2.24418814691e+001
  -1.99347053111e+001
  -1.79331583233e+001
  -1.59505482563e+001
  -1.35025032926e+001
  -9.51733460079e+000
  +9.94371701410e-001
  +4.22105626260e+015
  -3.72359355433e+001
  -2.66837878291e+001
  -2.26363361075e+001
  -2.01110469220e+001
  -1.80444442807e+001
  -1.59606506032e+001
  -1.33808153759e+001
  -9.22542435976e+000
  +1.58289168221e+000
  -3.22755029716e+015
  -3.73126215310e+001
  -2.65402201956e+001
  -2.24415154756e+001
  -1.99343956209e+001
  -1.79328649185e+001
  -1.59502405642e+001
  -1.35021422332e+001
  -9.51683834987e+000
  +9.95314270970e-001
  +3.61821781470e+015
  -3.72368742609e+001
  -2.66842798919e+001
  -2.26366923386e+001
  -2.01113486963e+001
  -1.80447299510e+001
  -1.59609494451e+001
  -1.33811647691e+001
  -9.22590251625e+000
  +1.58198742893e+000
  +1.17411956268e+015
  -3.73117269771e+001
  -2.65397519596e+001
  -2.24411764248e+001
  -1.99341078438e+001
  -1.79325915253e+001
  -1.59499531540e+001
  -1.35018042320e+001
  -9.51637287584e+000
  +9.96199945244e-001
  +3.16608024263e+015
  -3.72377589680e+001
  -2.66847442314e+001
  -2.26370288803e+001
  -2.01116340789e+001
  -1.80450003460e+001
  -1.59612325312e+001
  -1.33814959722e+001
  -9.22635605505e+000
  +1.58112927196e+000
  -4.30204085072e+015
  -3.73108772765e+001
  -2.65393070372e+001
  -2.24408541476e+001
  -1.99338342197e+001
  -1.79323315028e+001
  -1.59496797270e+001
  -1.35014825959e+001
  -9.51592983877e+000
  +9.97043098285e-001
  -1.26578487418e+015
  -3.72386014729e+001
  -2.66851864757e+001
  -2.26373494394e+001
  -2.01119059295e+001
  -1.80452579346e+001
  -1.59615022208e+001
  -1.33818115090e+001
  -9.22678814592e+000
  +1.58031169733e+000
  +1.07621119826e+015
  -3.73100677679e+001
  -2.65388831607e+001
  -2.24405471122e+001
  -1.99335735306e+001
  -1.79320837641e+001
  -1.59494192057e+001
  -1.35011761258e+001
  -9.51550767140e+000
  +9.97846567551e-001
  +2.53307194772e+015
</dep>
<dep Vgs time>
  +6.99998551214e-001
  +7.02926010715e-001
  +7.05264969633e-001
  +7.06819208058e-001
  +7.07466238331e-001
  +7.07170618560e-001
  +7.05985072891e-001
  +7.04046670286e-001
  +7.01563650197e-001
  +6.98793768169e-001
  +6.96021796474e-001
  +6.93530688365e-001
  +6.91575158875e-001
  +6.90357028334e-001
  +6.90005545273e-001
  +6.90564465729e-001
  +6.91987325092e-001
  +6.94141608603e-001
  +6.96821623251e-001
  +6.99768887834e-001
  +7.02697957929e-001
  +7.05324914796e-001
  +7.07395254429e-001
  +7.08710131939e-001
  +7.09144621554e-001
  +7.08659927705e-001
  +7.07306778849e-001
  +7.05220115893e-001
  +7.02605719371e-001
  +6.99720155144e-001
  +6.96845998351e-001
  +6.94264667292e-001
  +6.92229356006e-001
  +6.90940523577e-001
  +6.90526211777e-001
  +6.91029126560e-001
  +6.92401906512e-001
  +6.94511284087e-001
  +6.97150943454e-001
  +7.00061893478e-001
  +7.02958273377e-001
  +7.05555865130e-001
  +7.07600311174e-001
  +7.08892142890e-001
  +7.09306151747e-001
  +7.08803285215e-001
  +7.07434033876e-001
  +7.05333118759e-001
  +7.02706117634e-001
  +6.99809409913e-001
  +6.96925399923e-001
  +6.94335350369e-001
  +6.92292314777e-001
  +6.90996626852e-001
  +6.90576218145e-001
  +6.91073699297e-001
  +6.92441627754e-001
  +6.94546667727e-001
  +6.97182446269e-001
  +7.00089924236e-001
  +7.02983199901e-001
  +7.05578019574e-001
  +7.07619993903e-001
  +7.08909625397e-001
  +7.09321678973e-001
  +7.08817077555e-001
  +7.07446289002e-001
  +7.05344013346e-001
  +7.02715808999e-001
  +6.99818037570e-001
  +6.96933087079e-001
  +6.94342205370e-001
  +6.92298432547e-001
  +6.91002090332e-001
  +6.90581099739e-001
  +6.91078062293e-001
  +6.92445527684e-001
  +6.94550153594e-001
  +6.97185561622e-001
  +7.00092708042e-001
  +7.02985687223e-001
  +7.05580242084e-001
  +7.07621980248e-001
  +7.08911401480e-001
  +7.09323268174e-001
  +7.08818500921e-001
  +7.07447565421e-001
  +7.05345159709e-001
  +7.02716840354e-001
  +6.99818967271e-001
  +6.96933926922e-001
  +6.94342965729e-001
  +6.92299122508e-001
  +6.91002717823e-001
  +6.90581671669e-001
  +6.91078584685e-001
  +6.92446005806e-001
  +6.94550592083e-001
  +6.97185964589e-001
  +7.00093079162e-001
  +7.02986029805e-001
  +7.05580559122e-001
  +7.07622274459e-001
  +7.08911675332e-001
  +7.09323523904e-001
  +7.08818740552e-001
  +7.07447790778e-001
  +7.05345372434e-001
  +7.02717041920e-001
  +6.99819158990e-001
  +6.96934109958e-001
  +6.94343141106e-001
  +6.92299291119e-001
  +6.91002880439e-001
  +6.90581828949e-001
  +6.91078737187e-001
  +6.92446154003e-001
  +6.94550736379e-001
  +6.97186105335e-001
  +7.00093216665e-001
  +7.02986164346e-001
  +7.05580690960e-001
  +7.07622403837e-001
  +7.08911802481e-001
  +7.09323649043e-001
  +7.08818863889e-001
  +7.07447912510e-001
  +7.05345492747e-001
  +7.02717160988e-001
  +6.99819276976e-001
  +6.96934227010e-001
  +6.94343257356e-001
  +6.92299406676e-001
  +6.91002995391e-001
  +6.90581943357e-001
  +6.91078851091e-001
  +6.92446267419e-001
  +6.94550849308e-001
  +6.97186217768e-001
  +7.00093328592e-001
  +7.02986275759e-001
  +7.05580801858e-001
  +7.07622514228e-001
  +7.08911912382e-001
  +7.09323758481e-001
  +7.08818972898e-001
  +7.07448021130e-001
  +7.05345601025e-001
  +7.02717268973e-001
  +6.99819384720e-001
  +6.96934334563e-001
  +6.94343364762e-001
  +6.92299513971e-001
  +6.91003102597e-001
  +6.90582050478e-001
  +6.91078958116e-001
  +6.92446374322e-001
  +6.94550956053e-001
  +6.97186324315e-001
  +7.00093434900e-001
  +7.02986381794e-001
  +7.05580907595e-001
  +7.07622619654e-001
  +7.08912017493e-001
  +7.09323863285e-001
  +7.08819077412e-001
  +7.07448125380e-001
  +7.05345705041e-001
  +7.02717372793e-001
  +6.99819488384e-001
  +6.96934438110e-001
  +6.94343468228e-001
  +6.92299617382e-001
  +6.91003205967e-001
  +6.90582153809e-001
  +6.91079061391e-001
  +6.92446477513e-001
  +6.94551059122e-001
  +6.97186427218e-001
  +7.00093537596e-001
  +7.02986484247e-001
  +7.05581009779e-001
  +7.07622721553e-001
  +7.08912119103e-001
  +7.09323964612e-001
  +7.08819178470e-001
  +7.07448226192e-001
  +7.05345805638e-001
  +7.02717473208e-001
  +6.99819588655e-001
  +6.96934538274e-001
  +6.94343568319e-001
  +6.92299717425e-001
  +6.91003305977e-001
  +6.90582253783e-001
  +6.91079161315e-001
  +6.92446577359e-001
  +6.94551158852e-001
  +6.97186526790e-001
  +7.00093636970e-001
  +7.02986583388e-001
</dep>
<dep Vds time>
  +1.24062064782e+000
  +1.18077370699e+000
  +1.13244573615e+000
  +1.09991591763e+000
  +1.08593052700e+000
  +1.09137069219e+000
  +1.11520266429e+000
  +1.15457069681e+000
  +1.20511339272e+000
  +1.26146970556e+000
  +1.31780037162e+000
  +1.36840533391e+000
  +1.40824609743e+000
  +1.43338492515e+000
  +1.44129981898e+000
  +1.43107740235e+000
  +1.40348965082e+000
  +1.36095324112e+000
  +1.30735863919e+000
  +1.24775437377e+000
  +1.18788830474e+000
  +1.13363892405e+000
  +1.09040486539e+000
  +1.06249646115e+000
  +1.05268448497e+000
  +1.06189329635e+000
  +1.08910781019e+000
  +1.13149631570e+000
  +1.18473058249e+000
  +1.24346039344e+000
  +1.30187979845e+000
  +1.35431219758e+000
  +1.39574579318e+000
  +1.42227010071e+000
  +1.43139072956e+000
  +1.42222140759e+000
  +1.39555957069e+000
  +1.35384454844e+000
  +1.30098574692e+000
  +1.24204648445e+000
  +1.18278538193e+000
  +1.12908740770e+000
  +1.08634737151e+000
  +1.05888610999e+000
  +1.04947790345e+000
  +1.05905012867e+000
  +1.08659052526e+000
  +1.12927008326e+000
  +1.18276316253e+000
  +1.24172203865e+000
  +1.30034319273e+000
  +1.35295244849e+000
  +1.39454047314e+000
  +1.42119930647e+000
  +1.43043711259e+000
  +1.42137012893e+000
  +1.39479815040e+000
  +1.35316260831e+000
  +1.30037467363e+000
  +1.24149906040e+000
  +1.18229543489e+000
  +1.12864951942e+000
  +1.08595666462e+000
  +1.05853811141e+000
  +1.04916846796e+000
  +1.05877540092e+000
  +1.08634692084e+000
  +1.12905427643e+000
  +1.18257207521e+000
  +1.24155283072e+000
  +1.30019325579e+000
  +1.35281940488e+000
  +1.39442217975e+000
  +1.42109386053e+000
  +1.43034285487e+000
  +1.42128563985e+000
  +1.39472223613e+000
  +1.35309427658e+000
  +1.30031310177e+000
  +1.24144356005e+000
  +1.18224541834e+000
  +1.12860447150e+000
  +1.08591612198e+000
  +1.05850164928e+000
  +1.04913569273e+000
  +1.05874594642e+000
  +1.08632044654e+000
  +1.12903046625e+000
  +1.18255063634e+000
  +1.24153349255e+000
  +1.30017576914e+000
  +1.35280354173e+000
  +1.39440773364e+000
  +1.42108064721e+000
  +1.43033071300e+000
  +1.42127443100e+000
  +1.39471184398e+000
  +1.35308460493e+000
  +1.30030407170e+000
  +1.24143510648e+000
  +1.18223748662e+000
  +1.12859701441e+000
  +1.08590909743e+000
  +1.05849501885e+000
  +1.04912942078e+000
  +1.05873999972e+000
  +1.08631479412e+000
  +1.12902507917e+000
  +1.18254548758e+000
  +1.24152855669e+000
  +1.30017102212e+000
  +1.35279896073e+000
  +1.39440329704e+000
  +1.42107633488e+000
  +1.43032650659e+000
  +1.42127031447e+000
  +1.39470780389e+000
  +1.35308063065e+000
  +1.30030015529e+000
  +1.24143124232e+000
  +1.18223367088e+000
  +1.12859324446e+000
  +1.08590537132e+000
  +1.05849133492e+000
  +1.04912577751e+000
  +1.05873639561e+000
  +1.08631122765e+000
  +1.12902154881e+000
  +1.18254199160e+000
  +1.24152509306e+000
  +1.30016758830e+000
  +1.35279555347e+000
  +1.39439991247e+000
  +1.42107296857e+000
  +1.43032315397e+000
  +1.42126697124e+000
  +1.39470446653e+000
  +1.35307729673e+000
  +1.30029682365e+000
  +1.24142791299e+000
  +1.18223034486e+000
  +1.12858992329e+000
  +1.08590205681e+000
  +1.05848802889e+000
  +1.04912248161e+000
  +1.05873311130e+000
  +1.08630795619e+000
  +1.12901829121e+000
  +1.18253874855e+000
  +1.24152186475e+000
  +1.30016437422e+000
  +1.35279235232e+000
  +1.39439672209e+000
  +1.42106978614e+000
  +1.43031997631e+000
  +1.42126379528e+000
  +1.39470128974e+000
  +1.35307411753e+000
  +1.30029364154e+000
  +1.24142472853e+000
  +1.18222715944e+000
  +1.12858673881e+000
  +1.08589887538e+000
  +1.05848485256e+000
  +1.04911931229e+000
  +1.05872995069e+000
  +1.08630480577e+000
  +1.12901515219e+000
  +1.18253562183e+000
  +1.24151875070e+000
  +1.30016127255e+000
  +1.35278926194e+000
  +1.39439364107e+000
  +1.42106671188e+000
  +1.43031690587e+000
  +1.42126072577e+000
  +1.39469821882e+000
  +1.35307104373e+000
  +1.30029056445e+000
  +1.24142164873e+000
  +1.18222407832e+000
  +1.12858365824e+000
  +1.08589579744e+000
  +1.05848177928e+000
  +1.04911624553e+000
  +1.05872689211e+000
  +1.08630175683e+000
  +1.12901211410e+000
  +1.18253259545e+000
  +1.24151573644e+000
  +1.30015827014e+000
  +1.35278627033e+000
  +1.39439065841e+000
  +1.42106373568e+000
  +1.43031393329e+000
  +1.42125775403e+000
  +1.39469524567e+000
  +1.35306806775e+000
  +1.30028758523e+000
  +1.24141866686e+000
  +1.18222109514e+000
</dep>
<dep Ids.It time>
  +1.25312645170e-003
  +1.28296984434e-003
  +1.30691317136e-003
  +1.32285480378e-003
  +1.32946807271e-003
  +1.32636349269e-003
  +1.31410746729e-003
  +1.29417166169e-003
  +1.26877065953e-003
  +1.24060503199e-003
  +1.21259999107e-003
  +1.18759567949e-003
  +1.16808758803e-003
  +1.15600942296e-003
  +1.15257909709e-003
  +1.15820637154e-003
  +1.17245886147e-003
  +1.19408671442e-003
  +1.22111208009e-003
  +1.25099029412e-003
  +1.28084150228e-003
  +1.30773586395e-003
  +1.32899792727e-003
  +1.34250917499e-003
  +1.34692946746e-003
  +1.34184603182e-003
  +1.32781493900e-003
  +1.30629477102e-003
  +1.27948230361e-003
  +1.25007208723e-003
  +1.22097158630e-003
  +1.19500844525e-003
  +1.17466404549e-003
  +1.16185778669e-003
  +1.15779317495e-003
  +1.16286589464e-003
  +1.17663038296e-003
  +1.19782508518e-003
  +1.22446237007e-003
  +1.25398992392e-003
  +1.28352230413e-003
  +1.31012628216e-003
  +1.33112838882e-003
  +1.34440454361e-003
  +1.34861271222e-003
  +1.34333848465e-003
  +1.32913640054e-003
  +1.30746358155e-003
  +1.28051540692e-003
  +1.25098508754e-003
  +1.22177878679e-003
  +1.19572285950e-003
  +1.17529738437e-003
  +1.16242043624e-003
  +1.15829418872e-003
  +1.16331302375e-003
  +1.17703015844e-003
  +1.19818295309e-003
  +1.22478286544e-003
  +1.25427685995e-003
  +1.28377895083e-003
  +1.31035551474e-003
  +1.33133279614e-003
  +1.34458649796e-003
  +1.34877440866e-003
  +1.34348196107e-003
  +1.32926354797e-003
  +1.30757615121e-003
  +1.28061501650e-003
  +1.25107322684e-003
  +1.22185682162e-003
  +1.19579203286e-003
  +1.17535881528e-003
  +1.16247511755e-003
  +1.15834298624e-003
  +1.16335667892e-003
  +1.17706929594e-003
  +1.19821809355e-003
  +1.22481444197e-003
  +1.25430523620e-003
  +1.28380443820e-003
  +1.31037838664e-003
  +1.33135329857e-003
  +1.34460485625e-003
  +1.34879083131e-003
  +1.34349664168e-003
  +1.32927666625e-003
  +1.30758787364e-003
  +1.28062549701e-003
  +1.25108260742e-003
  +1.22186523274e-003
  +1.19579959372e-003
  +1.17536563365e-003
  +1.16248128952e-003
  +1.15834859594e-003
  +1.16336179856e-003
  +1.17707398632e-003
  +1.19822240508e-003
  +1.22481841617e-003
  +1.25430890745e-003
  +1.28380783546e-003
  +1.31038153503e-003
  +1.33135622049e-003
  +1.34460757214e-003
  +1.34879336011e-003
  +1.34349900100e-003
  +1.32927887251e-003
  +1.30758994211e-003
  +1.28062744194e-003
  +1.25108444217e-003
  +1.22186696992e-003
  +1.19580124526e-003
  +1.17536721080e-003
  +1.16248280273e-003
  +1.15835005470e-003
  +1.16336321118e-003
  +1.17707535975e-003
  +1.19822374484e-003
  +1.22481972640e-003
  +1.25431019111e-003
  +1.28380909461e-003
  +1.31038277111e-003
  +1.33135743459e-003
  +1.34460876520e-003
  +1.34879453300e-003
  +1.34350015458e-003
  +1.32928000763e-003
  +1.30759105963e-003
  +1.28062854281e-003
  +1.25108552748e-003
  +1.22186804102e-003
  +1.19580230383e-003
  +1.17536825883e-003
  +1.16248384248e-003
  +1.15835108848e-003
  +1.16336424116e-003
  +1.17707638770e-003
  +1.19822477197e-003
  +1.22482075328e-003
  +1.25431121772e-003
  +1.28381012045e-003
  +1.31038379540e-003
  +1.33135845643e-003
  +1.34460978369e-003
  +1.34879554733e-003
  +1.34350116403e-003
  +1.32928101158e-003
  +1.30759205760e-003
  +1.28062953448e-003
  +1.25108651279e-003
  +1.22186902024e-003
  +1.19580327763e-003
  +1.17536922830e-003
  +1.16248480904e-003
  +1.15835205373e-003
  +1.16336520663e-003
  +1.17707735463e-003
  +1.19822574113e-003
  +1.22482172490e-003
  +1.25431219150e-003
  +1.28381109568e-003
  +1.31038477110e-003
  +1.33135943155e-003
  +1.34461075720e-003
  +1.34879651827e-003
  +1.34350213157e-003
  +1.32928197498e-003
  +1.30759301627e-003
  +1.28063048800e-003
  +1.25108746097e-003
  +1.22186996325e-003
  +1.19580421604e-003
  +1.17537016309e-003
  +1.16248574151e-003
  +1.15835298535e-003
  +1.16336613882e-003
  +1.17707828855e-003
  +1.19822667750e-003
  +1.22482266391e-003
  +1.25431313283e-003
  +1.28381203861e-003
  +1.31038571469e-003
  +1.33136037474e-003
  +1.34461169898e-003
  +1.34879745771e-003
  +1.34350306783e-003
  +1.32928290736e-003
  +1.30759394417e-003
  +1.28063141100e-003
  +1.25108837890e-003
  +1.22187087625e-003
  +1.19580512464e-003
  +1.17537106824e-003
  +1.16248664445e-003
  +1.15835388751e-003
  +1.16336704157e-003
  +1.17707919301e-003
  +1.19822758435e-003
  +1.22482357333e-003
  +1.25431404451e-003
  +1.28381295186e-003
</dep>
<dep Vin.It time>
  +1.05818922785e-012
  -1.01337121449e-007
  -1.92587192883e-007
  -2.64818314629e-007
  -3.10960112885e-007
  -3.26496520996e-007
  -3.09906832333e-007
  -2.62815172606e-007
  -1.89831812375e-007
  -9.81004547448e-008
  +3.39881558383e-009
  +1.04730415645e-007
  +1.95975051123e-007
  +2.68200791237e-007
  +3.14337407458e-007
  +3.29868457210e-007
  +3.13273384093e-007
  +2.66176361247e-007
  +1.93187305283e-007
  +1.01450626215e-007
  -5.41220758472e-011
  -1.01391202421e-007
  -1.92641139597e-007
  -2.64872071881e-007
  -3.11013798163e-007
  -3.26549910788e-007
  -3.09959890732e-007
  -2.62867949299e-007
  -1.89884037466e-007
  -9.81525931558e-008
  +3.34680885555e-009
  +1.04678436735e-007
  +1.95922982772e-007
  +2.68148533403e-007
  +3.14284887659e-007
  +3.29815636296e-007
  +3.13220261708e-007
  +2.66122974004e-007
  +1.93133725575e-007
  +1.01396952481e-007
  -1.07768509781e-010
  -1.01444707570e-007
  -1.92694556021e-007
  -2.64925400366e-007
  -3.11067039360e-007
  -3.26603064595e-007
  -3.10012957235e-007
  -2.62920929033e-007
  -1.89936930838e-007
  -9.82053995531e-008
  +3.29408913228e-009
  +1.04625803178e-007
  +1.95870436020e-007
  +2.68096072439e-007
  +3.14232512816e-007
  +3.29763347331e-007
  +3.13168058880e-007
  +2.66070857250e-007
  +1.93081693658e-007
  +1.01345005758e-007
  -1.59630674523e-010
  -1.01496484437e-007
  -1.92746247542e-007
  -2.64977007294e-007
  -3.11118561891e-007
  -3.26654502232e-007
  -3.10064310890e-007
  -2.62972198408e-007
  -1.89988115551e-007
  -9.82565010122e-008
  +3.24307181448e-009
  +1.04574869395e-007
  +1.95819585457e-007
  +2.68045305898e-007
  +3.14181829155e-007
  +3.29712747007e-007
  +3.13117541012e-007
  +2.66020422066e-007
  +1.93031341328e-007
  +1.01294736333e-007
  -2.09817759161e-010
  -1.01546589126e-007
  -1.92796270384e-007
  -2.65026948216e-007
  -3.11168420828e-007
  -3.26704279146e-007
  -3.10114006410e-007
  -2.63021812346e-007
  -1.90037648235e-007
  -9.83059523552e-008
  +3.19370103622e-009
  +1.04525580225e-007
  +1.95770377147e-007
  +2.67996177978e-007
  +3.14132781722e-007
  +3.29663780245e-007
  +3.13068654635e-007
  +2.65971615916e-007
  +1.92982614974e-007
  +1.01246090079e-007
  -2.58384472508e-010
  -1.01595076340e-007
  -1.92844678182e-007
  -2.65075276218e-007
  -3.11216669831e-007
  -3.26752449361e-007
  -3.10162096723e-007
  -2.63069824312e-007
  -1.90085581416e-007
  -9.83538071041e-008
  +3.14592503031e-009
  +1.04477882224e-007
  +1.95722757413e-007
  +2.67948636334e-007
  +3.14085318447e-007
  +3.29616394419e-007
  +3.13021346532e-007
  +2.65924385184e-007
  +1.92935462133e-007
  +1.01199014047e-007
  -3.05383221715e-010
  -1.01641998109e-007
  -1.92891522745e-007
  -2.65122044300e-007
  -3.11263360512e-007
  -3.26799063879e-007
  -3.10208634901e-007
  -2.63116286314e-007
  -1.90131966986e-007
  -9.84001165754e-008
  +3.09969155613e-009
  +1.04431724345e-007
  +1.95676675222e-007
  +2.67902630200e-007
  +3.14039387335e-007
  +3.29570538624e-007
  +3.12975565894e-007
  +2.65878679712e-007
  +1.92889831401e-007
  +1.01153458441e-007
  -3.50863747752e-010
  -1.01687404490e-007
  -1.92936854856e-007
  -2.65167301982e-007
  -3.11308544240e-007
  -3.26844173275e-007
  -3.10253670497e-007
  -2.63161247937e-007
  -1.90176855202e-007
  -9.84449309141e-008
  +3.05495071766e-009
  +1.04387056845e-007
  +1.95632081014e-007
  +2.67858108960e-007
  +3.13994939094e-007
  +3.29526163289e-007
  +3.12931263098e-007
  +2.65834449706e-007
  +1.92845674192e-007
  +1.01109373448e-007
  -3.94876494354e-010
  -1.01731344926e-007
  -1.92980723339e-007
  -2.65211098634e-007
  -3.11352268976e-007
  -3.26887826395e-007
  -3.10297252168e-007
  -2.63204757967e-007
  -1.90220293762e-007
  -9.84882983551e-008
  +3.01165450668e-009
  +1.04343831495e-007
  +1.95588926693e-007
  +2.67815025339e-007
  +3.13951926213e-007
  +3.29483220808e-007
  +3.12888391194e-007
  +2.65791647939e-007
  +1.92802942504e-007
  +1.01066711938e-007
  -4.37468287792e-010
  -1.01773866449e-007
  -1.93023174799e-007
  -2.65253481065e-007
  -3.11394581757e-007
  -3.26930069882e-007
  -3.10339426216e-007
  -2.63246863113e-007
  -1.90262330007e-007
  -9.85302656967e-008
  +2.96975615219e-009
  +1.04302001859e-007
  +1.95547165488e-007
  +2.67773332576e-007
  +3.13910301850e-007
  +3.29441664884e-007
  +3.12846903141e-007
  +2.65750228082e-007
  +1.92761590540e-007
  +1.01025427836e-007
  -4.78684583496e-010
</dep>
<dep V2.It time>
  -1.29218895170e-003
  -1.32199275953e-003
  -1.34590044199e-003
  -1.36181385913e-003
  -1.36840910391e-003
  -1.36529845499e-003
  -1.35304890993e-003
  -1.33313149951e-003
  -1.30775900648e-003
  -1.27962921150e-003
  -1.25166381873e-003
  -1.22669908981e-003
  -1.20722664078e-003
  -1.19517668890e-003
  -1.19176438514e-003
  -1.19739772640e-003
  -1.21164373389e-003
  -1.23325318956e-003
  -1.26025004388e-003
  -1.29009242328e-003
  -1.31990398114e-003
  -1.34675875801e-003
  -1.36798517683e-003
  -1.38146820934e-003
  -1.38587047769e-003
  -1.38078097326e-003
  -1.36675636092e-003
  -1.34525458822e-003
  -1.31847063015e-003
  -1.28909624637e-003
  -1.26003539364e-003
  -1.23411183526e-003
  -1.21380307790e-003
  -1.20102503221e-003
  -1.19697844248e-003
  -1.20205722887e-003
  -1.21581523463e-003
  -1.23699153947e-003
  -1.26360031293e-003
  -1.29309203211e-003
  -1.32258476204e-003
  -1.34914915533e-003
  -1.37011561751e-003
  -1.38336355713e-003
  -1.38755370166e-003
  -1.38227340532e-003
  -1.36807780172e-003
  -1.34642337806e-003
  -1.31950371281e-003
  -1.29000922605e-003
  -1.26084257354e-003
  -1.23482622895e-003
  -1.21443639626e-003
  -1.20158766127e-003
  -1.19747943579e-003
  -1.20250433756e-003
  -1.21621498972e-003
  -1.23734938702e-003
  -1.26392078798e-003
  -1.29337894785e-003
  -1.32284138848e-003
  -1.34937836768e-003
  -1.37032000464e-003
  -1.38354549132e-003
  -1.38771537797e-003
  -1.38241686165e-003
  -1.36820492910e-003
  -1.34653592769e-003
  -1.31960330238e-003
  -1.29009734539e-003
  -1.26092058844e-003
  -1.23489538241e-003
  -1.21449780730e-003
  -1.20164232274e-003
  -1.19752821352e-003
  -1.20254797296e-003
  -1.21625410748e-003
  -1.23738450778e-003
  -1.26395234484e-003
  -1.29340730447e-003
  -1.32286685624e-003
  -1.34940122001e-003
  -1.37034048753e-003
  -1.38356383010e-003
  -1.38773178115e-003
  -1.38243152282e-003
  -1.36821802796e-003
  -1.34654763074e-003
  -1.31961376355e-003
  -1.29010670665e-003
  -1.26092898027e-003
  -1.23490292402e-003
  -1.21450460645e-003
  -1.20164847552e-003
  -1.19753380406e-003
  -1.20255307348e-003
  -1.21625877877e-003
  -1.23738880024e-003
  -1.26395630001e-003
  -1.29341095671e-003
  -1.32287023454e-003
  -1.34940434946e-003
  -1.37034339054e-003
  -1.38356652711e-003
  -1.38773429110e-003
  -1.38243386333e-003
  -1.36822021544e-003
  -1.34654968045e-003
  -1.31961568975e-003
  -1.29010852271e-003
  -1.26093069880e-003
  -1.23490455693e-003
  -1.21450616500e-003
  -1.20164997016e-003
  -1.19753524428e-003
  -1.20255446759e-003
  -1.21626013372e-003
  -1.23739012155e-003
  -1.26395759182e-003
  -1.29341222198e-003
  -1.32287147532e-003
  -1.34940556721e-003
  -1.37034458634e-003
  -1.38356770190e-003
  -1.38773544575e-003
  -1.38243499870e-003
  -1.36822133238e-003
  -1.34655077983e-003
  -1.31961677250e-003
  -1.29010958993e-003
  -1.26093175184e-003
  -1.23490559747e-003
  -1.21450719503e-003
  -1.20165099194e-003
  -1.19753626012e-003
  -1.20255547966e-003
  -1.21626114379e-003
  -1.23739113083e-003
  -1.26395860088e-003
  -1.29341323080e-003
  -1.32287248340e-003
  -1.34940657376e-003
  -1.37034559048e-003
  -1.38356870272e-003
  -1.38773644243e-003
  -1.38243599053e-003
  -1.36822231874e-003
  -1.34655176024e-003
  -1.31961774664e-003
  -1.29011055773e-003
  -1.26093271357e-003
  -1.23490655382e-003
  -1.21450814708e-003
  -1.20165194111e-003
  -1.19753720801e-003
  -1.20255642779e-003
  -1.21626209340e-003
  -1.23739208271e-003
  -1.26395955525e-003
  -1.29341418735e-003
  -1.32287344143e-003
  -1.34940753230e-003
  -1.37034654846e-003
  -1.38356965912e-003
  -1.38773739629e-003
  -1.38243694101e-003
  -1.36822326512e-003
  -1.34655270191e-003
  -1.31961868319e-003
  -1.29011148898e-003
  -1.26093363968e-003
  -1.23490747535e-003
  -1.21450906501e-003
  -1.20165285675e-003
  -1.19753812282e-003
  -1.20255734320e-003
  -1.21626301058e-003
  -1.23739300237e-003
  -1.26396047757e-003
  -1.29341511202e-003
  -1.32287436773e-003
  -1.34940845927e-003
  -1.37034747507e-003
  -1.38357058434e-003
  -1.38773831920e-003
  -1.38243786077e-003
  -1.36822418102e-003
  -1.34655361336e-003
  -1.31961958977e-003
  -1.29011239051e-003
  -1.26093453630e-003
  -1.23490836761e-003
  -1.21450995384e-003
  -1.20165374340e-003
  -1.19753900872e-003
  -1.20255822972e-003
  -1.21626389883e-003
  -1.23739389304e-003
  -1.26396137084e-003
  -1.29341600757e-003
  -1.32287526488e-003
</dep>
<dep V_D.Vt time>
  +2.49374709661e+000
  +2.43406031133e+000
  +2.38617365727e+000
  +2.35429039244e+000
  +2.34106385459e+000
  +2.34727301461e+000
  +2.37178506542e+000
  +2.41165667662e+000
  +2.46245868093e+000
  +2.51878993601e+000
  +2.57480001786e+000
  +2.62480864101e+000
  +2.66382482394e+000
  +2.68798115407e+000
  +2.69484180581e+000
  +2.68358725693e+000
  +2.65508227705e+000
  +2.61182657117e+000
  +2.55777583983e+000
  +2.49801941175e+000
  +2.43831699545e+000
  +2.38452827211e+000
  +2.34200414545e+000
  +2.31498165002e+000
  +2.30614106508e+000
  +2.31630793636e+000
  +2.34437012200e+000
  +2.38741045797e+000
  +2.44103539278e+000
  +2.49985582553e+000
  +2.55805682741e+000
  +2.60998310950e+000
  +2.65067190903e+000
  +2.67628442663e+000
  +2.68441365010e+000
  +2.67426821072e+000
  +2.64673923408e+000
  +2.60434982963e+000
  +2.55107525986e+000
  +2.49202015216e+000
  +2.43295539174e+000
  +2.37974743568e+000
  +2.33774322236e+000
  +2.31119091278e+000
  +2.30277457557e+000
  +2.31332303070e+000
  +2.34172719892e+000
  +2.38507283690e+000
  +2.43896918615e+000
  +2.49802982491e+000
  +2.55644242642e+000
  +2.60855428101e+000
  +2.64940523126e+000
  +2.67515912752e+000
  +2.68341162256e+000
  +2.67337395250e+000
  +2.64593968311e+000
  +2.60363409382e+000
  +2.55043426912e+000
  +2.49144628010e+000
  +2.43244209833e+000
  +2.37928897053e+000
  +2.33733440772e+000
  +2.31082700408e+000
  +2.30245118267e+000
  +2.31303607787e+000
  +2.34147290406e+000
  +2.38484769759e+000
  +2.43876996701e+000
  +2.49785354631e+000
  +2.55628635677e+000
  +2.60841593428e+000
  +2.64928236945e+000
  +2.67504976491e+000
  +2.68331402752e+000
  +2.67328664216e+000
  +2.64586140812e+000
  +2.60356381291e+000
  +2.55037111607e+000
  +2.49138952759e+000
  +2.43239112361e+000
  +2.37924322672e+000
  +2.33729340286e+000
  +2.31079028750e+000
  +2.30241833738e+000
  +2.31300671664e+000
  +2.34144666750e+000
  +2.38482425272e+000
  +2.43874900598e+000
  +2.49783478517e+000
  +2.55626953453e+000
  +2.60840081256e+000
  +2.64926873270e+000
  +2.67503742096e+000
  +2.68330280812e+000
  +2.67327640288e+000
  +2.64585202736e+000
  +2.60355518984e+000
  +2.55036316766e+000
  +2.49138218510e+000
  +2.43238432908e+000
  +2.37923692994e+000
  +2.33728755902e+000
  +2.31078485572e+000
  +2.30241327978e+000
  +2.31300199799e+000
  +2.34144225498e+000
  +2.38482011579e+000
  +2.43874511612e+000
  +2.49783111566e+000
  +2.55626606015e+000
  +2.60839750947e+000
  +2.64926557840e+000
  +2.67503439454e+000
  +2.68329989060e+000
  +2.67327357763e+000
  +2.64584928050e+000
  +2.60355251033e+000
  +2.55036054720e+000
  +2.49137961778e+000
  +2.43238181078e+000
  +2.37923445778e+000
  +2.33728513082e+000
  +2.31078246960e+000
  +2.30241093399e+000
  +2.31299969083e+000
  +2.34143998475e+000
  +2.38481788074e+000
  +2.43874291439e+000
  +2.49782894504e+000
  +2.55626391795e+000
  +2.60839539234e+000
  +2.64926348233e+000
  +2.67503231505e+000
  +2.68329782303e+000
  +2.67327151767e+000
  +2.64584722459e+000
  +2.60355045607e+000
  +2.55035849343e+000
  +2.49137756456e+000
  +2.43237975910e+000
  +2.37923240920e+000
  +2.33728308714e+000
  +2.31078043261e+000
  +2.30240890534e+000
  +2.31299767193e+000
  +2.34143797684e+000
  +2.38481588479e+000
  +2.43874093103e+000
  +2.49782697442e+000
  +2.55626195952e+000
  +2.60839344475e+000
  +2.64926154339e+000
  +2.67503038191e+000
  +2.68329589253e+000
  +2.67326958674e+000
  +2.64584529075e+000
  +2.60354851775e+000
  +2.55035655020e+000
  +2.49137561700e+000
  +2.43237780865e+000
  +2.37923045779e+000
  +2.33728113689e+000
  +2.31077848560e+000
  +2.30240696346e+000
  +2.31299573687e+000
  +2.34143605004e+000
  +2.38481396745e+000
  +2.43873902401e+000
  +2.49782507805e+000
  +2.55626007349e+000
  +2.60839156792e+000
  +2.64925967382e+000
  +2.67502851699e+000
  +2.68329402931e+000
  +2.67326772236e+000
  +2.64584342290e+000
  +2.60354664500e+000
  +2.55035467218e+000
  +2.49137373435e+000
  +2.43237592279e+000
  +2.37922857063e+000
  +2.33727925051e+000
  +2.31077660204e+000
  +2.30240508459e+000
  +2.31299386434e+000
  +2.34143418528e+000
  +2.38481211165e+000
  +2.43873717801e+000
  +2.49782324221e+000
  +2.55625824750e+000
  +2.60838975071e+000
  +2.64925786353e+000
  +2.67502671111e+000
  +2.68329222499e+000
  +2.67326591686e+000
  +2.64584161398e+000
  +2.60354483130e+000
  +2.55035285333e+000
  +2.49137191098e+000
  +2.43237409628e+000
</dep>
<dep _net1.Vt time>
  +5.00000000000e+000
  +5.00000000000e+000
  +5.00000000000e+000
  +5.00000000000e+000
  +5.00000000000e+000
  +5.00000000000e+000
  +5.00000000000e+000
  +5.00000000000e+000
  +5.00000000000e+000
  +5.00000000000e+000
  +5.00000000000e+000
  +5.00000000000e+000
  +5.00000000000e+000
  +5.00000000000e+000
  +5.00000000000e+000
  +5.00000000000e+000
  +5.00000000000e+000
  +5.00000000000e+000
  +5.00000000000e+000
  +5.00000000000e+000
  +5.00000000000e+000
  +5.00000000000e+000
  +5.00000000000e+000
  +5.00000000000e+000
  +5.00000000000e+000
  +5.00000000000e+000
  +5.00000000000e+000
  +5.00000000000e+000
  +5.00000000000e+000
  +5.00000000000e+000
  +5.00000000000e+000
  +5.00000000000e+000
  +5.00000000000e+000
  +5.00000000000e+000
  +5.00000000000e+000
  +5.00000000000e+000
  +5.00000000000e+000
  +5.00000000000e+000
  +5.00000000000e+000
  +5.00000000000e+000
  +5.00000000000e+000
  +5.00000000000e+000
  +5.00000000000e+000
  +5.00000000000e+000
  +5.00000000000e+000
  +5.00000000000e+000
  +5.00000000000e+000
  +5.00000000000e+000
  +5.00000000000e+000
  +5.00000000000e+000
  +5.00000000000e+000
  +5.00000000000e+000
  +5.00000000000e+000
  +5.00000000000e+000
  +5.00000000000e+000
  +5.00000000000e+000
  +5.00000000000e+000
  +5.00000000000e+000
  +5.00000000000e+000
  +5.00000000000e+000
  +5.00000000000e+000
  +5.00000000000e+000
  +5.00000000000e+000
  +5.00000000000e+000
  +5.00000000000e+000
  +5.00000000000e+000
  +5.00000000000e+000
  +5.00000000000e+000
  +5.00000000000e+000
  +5.00000000000e+000
  +5.00000000000e+000
  +5.00000000000e+000
  +5.00000000000e+000
  +5.00000000000e+000
  +5.00000000000e+000
  +5.00000000000e+000
  +5.00000000000e+000
  +5.00000000000e+000
  +5.00000000000e+000
  +5.00000000000e+000
  +5.00000000000e+000
  +5.00000000000e+000
  +5.00000000000e+000
  +5.00000000000e+000
  +5.00000000000e+000
  +5.00000000000e+000
  +5.00000000000e+000
  +5.00000000000e+000
  +5.00000000000e+000
  +5.00000000000e+000
  +5.00000000000e+000
  +5.00000000000e+000
  +5.00000000000e+000
  +5.00000000000e+000
  +5.00000000000e+000
  +5.00000000000e+000
  +5.00000000000e+000
  +5.00000000000e+000
  +5.00000000000e+000
  +5.00000000000e+000
  +5.00000000000e+000
  +5.00000000000e+000
  +5.00000000000e+000
  +5.00000000000e+000
  +5.00000000000e+000
  +5.00000000000e+000
  +5.00000000000e+000
  +5.00000000000e+000
  +5.00000000000e+000
  +5.00000000000e+000
  +5.00000000000e+000
  +5.00000000000e+000
  +5.00000000000e+000
  +5.00000000000e+000
  +5.00000000000e+000
  +5.00000000000e+000
  +5.00000000000e+000
  +5.00000000000e+000
  +5.00000000000e+000
  +5.00000000000e+000
  +5.00000000000e+000
  +5.00000000000e+000
  +5.00000000000e+000
  +5.00000000000e+000
  +5.00000000000e+000
  +5.00000000000e+000
  +5.00000000000e+000
  +5.00000000000e+000
  +5.00000000000e+000
  +5.00000000000e+000
  +5.00000000000e+000
  +5.00000000000e+000
  +5.00000000000e+000
  +5.00000000000e+000
  +5.00000000000e+000
  +5.00000000000e+000
  +5.00000000000e+000
  +5.00000000000e+000
  +5.00000000000e+000
  +5.00000000000e+000
  +5.00000000000e+000
  +5.00000000000e+000
  +5.00000000000e+000
  +5.00000000000e+000
  +5.00000000000e+000
  +5.00000000000e+000
  +5.00000000000e+000
  +5.00000000000e+000
  +5.00000000000e+000
  +5.00000000000e+000
  +5.00000000000e+000
  +5.00000000000e+000
  +5.00000000000e+000
  +5.00000000000e+000
  +5.00000000000e+000
  +5.00000000000e+000
  +5.00000000000e+000
  +5.00000000000e+000
  +5.00000000000e+000
  +5.00000000000e+000
  +5.00000000000e+000
  +5.00000000000e+000
  +5.00000000000e+000
  +5.00000000000e+000
  +5.00000000000e+000
  +5.00000000000e+000
  +5.00000000000e+000
  +5.00000000000e+000
  +5.00000000000e+000
  +5.00000000000e+000
  +5.00000000000e+000
  +5.00000000000e+000
  +5.00000000000e+000
  +5.00000000000e+000
  +5.00000000000e+000
  +5.00000000000e+000
  +5.00000000000e+000
  +5.00000000000e+000
  +5.00000000000e+000
  +5.00000000000e+000
  +5.00000000000e+000
  +5.00000000000e+000
  +5.00000000000e+000
  +5.00000000000e+000
  +5.00000000000e+000
  +5.00000000000e+000
  +5.00000000000e+000
  +5.00000000000e+000
  +5.00000000000e+000
  +5.00000000000e+000
  +5.00000000000e+000
  +5.00000000000e+000
  +5.00000000000e+000
  +5.00000000000e+000
  +5.00000000000e+000
  +5.00000000000e+000
  +5.00000000000e+000
  +5.00000000000e+000
  +5.00000000000e+000
  +5.00000000000e+000
  +5.00000000000e+000
</dep>
<dep _net0.Vt time>
  +5.00000000000e+000
  +5.00000000000e+000
  +5.00000000000e+000
  +5.00000000000e+000
  +5.00000000000e+000
  +5.00000000000e+000
  +5.00000000000e+000
  +5.00000000000e+000
  +5.00000000000e+000
  +5.00000000000e+000
  +5.00000000000e+000
  +5.00000000000e+000
  +5.00000000000e+000
  +5.00000000000e+000
  +5.00000000000e+000
  +5.00000000000e+000
  +5.00000000000e+000
  +5.00000000000e+000
  +5.00000000000e+000
  +5.00000000000e+000
  +5.00000000000e+000
  +5.00000000000e+000
  +5.00000000000e+000
  +5.00000000000e+000
  +5.00000000000e+000
  +5.00000000000e+000
  +5.00000000000e+000
  +5.00000000000e+000
  +5.00000000000e+000
  +5.00000000000e+000
  +5.00000000000e+000
  +5.00000000000e+000
  +5.00000000000e+000
  +5.00000000000e+000
  +5.00000000000e+000
  +5.00000000000e+000
  +5.00000000000e+000
  +5.00000000000e+000
  +5.00000000000e+000
  +5.00000000000e+000
  +5.00000000000e+000
  +5.00000000000e+000
  +5.00000000000e+000
  +5.00000000000e+000
  +5.00000000000e+000
  +5.00000000000e+000
  +5.00000000000e+000
  +5.00000000000e+000
  +5.00000000000e+000
  +5.00000000000e+000
  +5.00000000000e+000
  +5.00000000000e+000
  +5.00000000000e+000
  +5.00000000000e+000
  +5.00000000000e+000
  +5.00000000000e+000
  +5.00000000000e+000
  +5.00000000000e+000
  +5.00000000000e+000
  +5.00000000000e+000
  +5.00000000000e+000
  +5.00000000000e+000
  +5.00000000000e+000
  +5.00000000000e+000
  +5.00000000000e+000
  +5.00000000000e+000
  +5.00000000000e+000
  +5.00000000000e+000
  +5.00000000000e+000
  +5.00000000000e+000
  +5.00000000000e+000
  +5.00000000000e+000
  +5.00000000000e+000
  +5.00000000000e+000
  +5.00000000000e+000
  +5.00000000000e+000
  +5.00000000000e+000
  +5.00000000000e+000
  +5.00000000000e+000
  +5.00000000000e+000
  +5.00000000000e+000
  +5.00000000000e+000
  +5.00000000000e+000
  +5.00000000000e+000
  +5.00000000000e+000
  +5.00000000000e+000
  +5.00000000000e+000
  +5.00000000000e+000
  +5.00000000000e+000
  +5.00000000000e+000
  +5.00000000000e+000
  +5.00000000000e+000
  +5.00000000000e+000
  +5.00000000000e+000
  +5.00000000000e+000
  +5.00000000000e+000
  +5.00000000000e+000
  +5.00000000000e+000
  +5.00000000000e+000
  +5.00000000000e+000
  +5.00000000000e+000
  +5.00000000000e+000
  +5.00000000000e+000
  +5.00000000000e+000
  +5.00000000000e+000
  +5.00000000000e+000
  +5.00000000000e+000
  +5.00000000000e+000
  +5.00000000000e+000
  +5.00000000000e+000
  +5.00000000000e+000
  +5.00000000000e+000
  +5.00000000000e+000
  +5.00000000000e+000
  +5.00000000000e+000
  +5.00000000000e+000
  +5.00000000000e+000
  +5.00000000000e+000
  +5.00000000000e+000
  +5.00000000000e+000
  +5.00000000000e+000
  +5.00000000000e+000
  +5.00000000000e+000
  +5.00000000000e+000
  +5.00000000000e+000
  +5.00000000000e+000
  +5.00000000000e+000
  +5.00000000000e+000
  +5.00000000000e+000
  +5.00000000000e+000
  +5.00000000000e+000
  +5.00000000000e+000
  +5.00000000000e+000
  +5.00000000000e+000
  +5.00000000000e+000
  +5.00000000000e+000
  +5.00000000000e+000
  +5.00000000000e+000
  +5.00000000000e+000
  +5.00000000000e+000
  +5.00000000000e+000
  +5.00000000000e+000
  +5.00000000000e+000
  +5.00000000000e+000
  +5.00000000000e+000
  +5.00000000000e+000
  +5.00000000000e+000
  +5.00000000000e+000
  +5.00000000000e+000
  +5.00000000000e+000
  +5.00000000000e+000
  +5.00000000000e+000
  +5.00000000000e+000
  +5.00000000000e+000
  +5.00000000000e+000
  +5.00000000000e+000
  +5.00000000000e+000
  +5.00000000000e+000
  +5.00000000000e+000
  +5.00000000000e+000
  +5.00000000000e+000
  +5.00000000000e+000
  +5.00000000000e+000
  +5.00000000000e+000
  +5.00000000000e+000
  +5.00000000000e+000
  +5.00000000000e+000
  +5.00000000000e+000
  +5.00000000000e+000
  +5.00000000000e+000
  +5.00000000000e+000
  +5.00000000000e+000
  +5.00000000000e+000
  +5.00000000000e+000
  +5.00000000000e+000
  +5.00000000000e+000
  +5.00000000000e+000
  +5.00000000000e+000
  +5.00000000000e+000
  +5.00000000000e+000
  +5.00000000000e+000
  +5.00000000000e+000
  +5.00000000000e+000
  +5.00000000000e+000
  +5.00000000000e+000
  +5.00000000000e+000
  +5.00000000000e+000
  +5.00000000000e+000
  +5.00000000000e+000
  +5.00000000000e+000
  +5.00000000000e+000
  +5.00000000000e+000
  +5.00000000000e+000
  +5.00000000000e+000
  +5.00000000000e+000
  +5.00000000000e+000
  +5.00000000000e+000
  +5.00000000000e+000
  +5.00000000000e+000
  +5.00000000000e+000
  +5.00000000000e+000
</dep>
<dep Vin.Vt time>
  +0.00000000000e+000
  +3.09016994375e-003
  +5.87785252292e-003
  +8.09016994375e-003
  +9.51056516295e-003
  +1.00000000000e-002
  +9.51056516295e-003
  +8.09016994375e-003
  +5.87785252292e-003
  +3.09016994375e-003
  +1.22460635382e-018
  -3.09016994375e-003
  -5.87785252292e-003
  -8.09016994375e-003
  -9.51056516295e-003
  -1.00000000000e-002
  -9.51056516295e-003
  -8.09016994375e-003
  -5.87785252292e-003
  -3.09016994375e-003
  -2.44921270764e-018
  +3.09016994375e-003
  +5.87785252292e-003
  +8.09016994375e-003
  +9.51056516295e-003
  +1.00000000000e-002
  +9.51056516295e-003
  +8.09016994375e-003
  +5.87785252292e-003
  +3.09016994375e-003
  +3.67381906147e-018
  -3.09016994375e-003
  -5.87785252292e-003
  -8.09016994375e-003
  -9.51056516295e-003
  -1.00000000000e-002
  -9.51056516295e-003
  -8.09016994375e-003
  -5.87785252292e-003
  -3.09016994375e-003
  -4.89842541529e-018
  +3.09016994375e-003
  +5.87785252292e-003
  +8.09016994375e-003
  +9.51056516295e-003
  +1.00000000000e-002
  +9.51056516295e-003
  +8.09016994375e-003
  +5.87785252292e-003
  +3.09016994375e-003
  +6.12303176911e-018
  -3.09016994375e-003
  -5.87785252292e-003
  -8.09016994375e-003
  -9.51056516295e-003
  -1.00000000000e-002
  -9.51056516295e-003
  -8.09016994375e-003
  -5.87785252292e-003
  -3.09016994375e-003
  -7.34763812293e-018
  +3.09016994375e-003
  +5.87785252292e-003
  +8.09016994375e-003
  +9.51056516295e-003
  +1.00000000000e-002
  +9.51056516295e-003
  +8.09016994375e-003
  +5.87785252292e-003
  +3.09016994375e-003
  +8.57224447676e-018
  -3.09016994375e-003
  -5.87785252292e-003
  -8.09016994375e-003
  -9.51056516295e-003
  -1.00000000000e-002
  -9.51056516295e-003
  -8.09016994375e-003
  -5.87785252292e-003
  -3.09016994375e-003
  -9.79685083058e-018
  +3.09016994375e-003
  +5.87785252292e-003
  +8.09016994375e-003
  +9.51056516295e-003
  +1.00000000000e-002
  +9.51056516295e-003
  +8.09016994375e-003
  +5.87785252292e-003
  +3.09016994375e-003
  -2.45056796036e-017
  -3.09016994375e-003
  -5.87785252292e-003
  -8.09016994375e-003
  -9.51056516295e-003
  -1.00000000000e-002
  -9.51056516295e-003
  -8.09016994375e-003
  -5.87785252292e-003
  -3.09016994375e-003
  -1.22460635382e-017
  +3.09016994375e-003
  +5.87785252292e-003
  +8.09016994375e-003
  +9.51056516295e-003
  +1.00000000000e-002
  +9.51056516295e-003
  +8.09016994375e-003
  +5.87785252292e-003
  +3.09016994375e-003
  +4.89978066801e-017
  -3.09016994375e-003
  -5.87785252292e-003
  -8.09016994375e-003
  -9.51056516295e-003
  -1.00000000000e-002
  -9.51056516295e-003
  -8.09016994375e-003
  -5.87785252292e-003
  -3.09016994375e-003
  -1.46952762459e-017
  +3.09016994375e-003
  +5.87785252292e-003
  +8.09016994375e-003
  +9.51056516295e-003
  +1.00000000000e-002
  +9.51056516295e-003
  +8.09016994375e-003
  +5.87785252292e-003
  +3.09016994375e-003
  -1.96072541883e-017
  -3.09016994375e-003
  -5.87785252292e-003
  -8.09016994375e-003
  -9.51056516295e-003
  -1.00000000000e-002
  -9.51056516295e-003
  -8.09016994375e-003
  -5.87785252292e-003
  -3.09016994375e-003
  -1.71444889535e-017
  +3.09016994375e-003
  +5.87785252292e-003
  +8.09016994375e-003
  +9.51056516295e-003
  +1.00000000000e-002
  +9.51056516295e-003
  +8.09016994375e-003
  +5.87785252292e-003
  +3.09016994375e-003
  +5.38962320953e-017
  -3.09016994375e-003
  -5.87785252292e-003
  -8.09016994375e-003
  -9.51056516295e-003
  -1.00000000000e-002
  -9.51056516295e-003
  -8.09016994375e-003
  -5.87785252292e-003
  -3.09016994375e-003
  -1.95937016612e-017
  +3.09016994375e-003
  +5.87785252292e-003
  +8.09016994375e-003
  +9.51056516295e-003
  +1.00000000000e-002
  +9.51056516295e-003
  +8.09016994375e-003
  +5.87785252292e-003
  +3.09016994375e-003
  -1.47088287730e-017
  -3.09016994375e-003
  -5.87785252292e-003
  -8.09016994375e-003
  -9.51056516295e-003
  -1.00000000000e-002
  -9.51056516295e-003
  -8.09016994375e-003
  -5.87785252292e-003
  -3.09016994375e-003
  +4.90113592072e-017
  +3.09016994375e-003
  +5.87785252292e-003
  +8.09016994375e-003
  +9.51056516295e-003
  +1.00000000000e-002
  +9.51056516295e-003
  +8.09016994375e-003
  +5.87785252292e-003
  +3.09016994375e-003
  +5.87946575106e-017
  -3.09016994375e-003
  -5.87785252292e-003
  -8.09016994375e-003
  -9.51056516295e-003
  -1.00000000000e-002
  -9.51056516295e-003
  -8.09016994375e-003
  -5.87785252292e-003
  -3.09016994375e-003
  -2.44921270764e-017
</dep>
<dep Vout.Vt time>
  -5.81810912057e-009
  -5.96485448530e-002
  -1.07429366351e-001
  -1.39156778733e-001
  -1.52199239518e-001
  -1.45801973206e-001
  -1.21121458549e-001
  -8.11221615594e-002
  -3.02498366588e-002
  +2.60842796208e-002
  +8.20264818625e-002
  +1.31900592168e-001
  +1.70726411519e-001
  +1.94652865286e-001
  +2.01264404868e-001
  +1.89763804343e-001
  +1.61038074259e-001
  +1.17607020745e-001
  +6.34423650848e-002
  +3.64375037476e-003
  -5.60256388359e-002
  -1.09709953401e-001
  -1.52069080137e-001
  -1.78882984779e-001
  -1.87492660062e-001
  -1.77096013508e-001
  -1.48828429013e-001
  -1.05627742623e-001
  -5.19035434078e-002
  +6.94521525672e-003
  +6.51008225754e-002
  +1.16912433386e-001
  +1.57428404707e-001
  +1.82826578171e-001
  +1.90720487598e-001
  +1.80341294732e-001
  +1.52602565952e-001
  +1.10047679298e-001
  +5.66680560476e-002
  -2.42124948845e-003
  -6.14457845799e-002
  -1.14542859489e-001
  -1.56376364503e-001
  -1.82715001130e-001
  -1.90895911186e-001
  -1.80113671924e-001
  -1.51500552648e-001
  -1.07991420494e-001
  -5.39930269529e-002
  +5.09839485115e-003
  +6.34677739232e-002
  +1.15466878809e-001
  +1.56146703131e-001
  +1.81687766084e-001
  +1.89706290988e-001
  +1.79436065628e-001
  +1.51793114557e-001
  +1.09323000867e-001
  +5.60189804275e-002
  -3.00243822553e-003
  -6.19657070989e-002
  -1.15007339062e-001
  -1.56790644845e-001
  -1.83083886515e-001
  -1.91223845690e-001
  -1.80404779877e-001
  -1.51758659741e-001
  -1.08220068157e-001
  -5.41954853243e-002
  +4.91911531219e-003
  +6.33089144005e-002
  +1.15325929358e-001
  +1.56021404782e-001
  +1.81576114841e-001
  +1.89606539273e-001
  +1.79346716661e-001
  +1.51712906794e-001
  +1.09250882291e-001
  +5.59540752747e-002
  -3.06086582078e-003
  -6.20182875939e-002
  -1.15054626270e-001
  -1.56833137046e-001
  -1.83122040077e-001
  -1.91258082767e-001
  -1.80435492327e-001
  -1.51786211143e-001
  -1.08244795228e-001
  -5.42176992459e-002
  +4.89912762269e-003
  +6.32908893425e-002
  +1.15309626253e-001
  +1.56006606063e-001
  +1.81562626591e-001
  +1.89594191703e-001
  +1.79335364005e-001
  +1.51702426293e-001
  +1.09241172097e-001
  +5.59450514394e-002
  -3.06927285334e-003
  -6.20261365131e-002
  -1.15061967954e-001
  -1.56840016896e-001
  -1.83128499541e-001
  -1.91264160213e-001
  -1.80441223448e-001
  -1.51791629167e-001
  -1.08249931076e-001
  -5.42225817619e-002
  +4.89447141370e-003
  +6.32864339647e-002
  +1.15305347617e-001
  +1.56002481470e-001
  +1.81558634943e-001
  +1.89590313865e-001
  +1.79331583233e-001
  +1.51698728577e-001
  +1.09237546303e-001
  +5.59414891948e-002
  -3.07277754461e-003
  -6.20295878282e-002
  -1.15065368843e-001
  -1.56843369613e-001
  -1.83131806014e-001
  -1.91267422247e-001
  -1.80444442807e-001
  -1.51794807605e-001
  -1.08253070377e-001
  -5.42256838480e-002
  +4.89140430056e-003
  +6.32833990821e-002
  +1.15302341578e-001
  +1.55999500236e-001
  +1.81555673993e-001
  +1.89587368537e-001
  +1.79328649185e-001
  +1.51695802250e-001
  +1.09234625272e-001
  +5.59385723050e-002
  -3.07569024474e-003
  -6.20324953556e-002
  -1.15068269640e-001
  -1.56846261885e-001
  -1.83134687984e-001
  -1.91270292291e-001
  -1.80447299510e-001
  -1.51797649760e-001
  -1.08255897027e-001
  -5.42284943814e-002
  +4.88861000427e-003
  +6.32806204578e-002
  +1.15299577254e-001
  +1.55996748013e-001
  +1.81552931014e-001
  +1.89584631614e-001
  +1.79325915253e-001
  +1.51693068817e-001
  +1.09231890784e-001
  +5.59358363173e-002
  -3.07842712876e-003
  -6.20352317094e-002
  -1.15071003536e-001
  -1.56848991204e-001
  -1.83137410663e-001
  -1.91273006441e-001
  -1.80450003460e-001
  -1.51800342069e-001
  -1.08258576516e-001
  -5.42311602156e-002
  +4.88595815338e-003
  +6.32779822478e-002
  +1.15296951535e-001
  +1.55994132825e-001
  +1.81550323737e-001
  +1.89582029294e-001
  +1.79323315028e-001
  +1.51690468372e-001
  +1.09229288694e-001
  +5.59332322108e-002
  -3.08103261494e-003
  -6.20378371475e-002
  -1.15073607019e-001
  -1.56851590651e-001
  -1.83140004041e-001
  -1.91275591894e-001
  -1.80452579346e-001
  -1.51802906969e-001
  -1.08261129263e-001
  -5.42336999820e-002
  +4.88343170885e-003
  +6.32754688110e-002
  +1.15294450015e-001
  +1.55991641342e-001
  +1.81547839768e-001
  +1.89579549993e-001
  +1.79320837641e-001
  +1.51687990667e-001
  +1.09226809298e-001
  +5.59307507733e-002
  -3.08351547152e-003
  -6.20403200373e-002
</dep>
<dep V_G.Vt time>
  +1.95312500000e+000
  +1.95621261505e+000
  +1.95899289076e+000
  +1.96119368286e+000
  +1.96259956592e+000
  +1.96307294098e+000
  +1.96256747402e+000
  +1.96113265011e+000
  +1.95890893841e+000
  +1.95611399863e+000
  +1.95302144271e+000
  +1.94993399547e+000
  +1.94715388539e+000
  +1.94495325725e+000
  +1.94354753210e+000
  +1.94307432030e+000
  +1.94357995132e+000
  +1.94501493865e+000
  +1.94723882389e+000
  +1.95003392581e+000
  +1.95312664863e+000
  +1.95621426286e+000
  +1.95899453449e+000
  +1.96119532081e+000
  +1.96260120167e+000
  +1.96307456772e+000
  +1.96256909066e+000
  +1.96113425816e+000
  +1.95891052967e+000
  +1.95611558723e+000
  +1.95302302731e+000
  +1.94993557921e+000
  +1.94715547185e+000
  +1.94495484949e+000
  +1.94354913232e+000
  +1.94307592969e+000
  +1.94358156990e+000
  +1.94501656528e+000
  +1.94724045640e+000
  +1.95003556118e+000
  +1.95312828319e+000
  +1.95621589311e+000
  +1.95899616202e+000
  +1.96119694567e+000
  +1.96260282386e+000
  +1.96307618725e+000
  +1.96257070754e+000
  +1.96113587239e+000
  +1.95891214125e+000
  +1.95611719617e+000
  +1.95302463361e+000
  +1.94993718288e+000
  +1.94715707290e+000
  +1.94495644790e+000
  +1.94355072812e+000
  +1.94307752287e+000
  +1.94358316047e+000
  +1.94501815324e+000
  +1.94724204175e+000
  +1.95003714394e+000
  +1.95312986335e+000
  +1.95621747067e+000
  +1.95899773700e+000
  +1.96119851807e+000
  +1.96260439368e+000
  +1.96307775450e+000
  +1.96257227222e+000
  +1.96113743451e+000
  +1.95891370080e+000
  +1.95611875317e+000
  +1.95302618805e+000
  +1.94993873477e+000
  +1.94715862224e+000
  +1.94495799471e+000
  +1.94355227239e+000
  +1.94307906461e+000
  +1.94358469968e+000
  +1.94501968993e+000
  +1.94724357592e+000
  +1.95003867559e+000
  +1.95313139249e+000
  +1.95621899731e+000
  +1.95899926113e+000
  +1.96120003970e+000
  +1.96260591282e+000
  +1.96307927115e+000
  +1.96257378638e+000
  +1.96113894618e+000
  +1.95891521000e+000
  +1.95612025989e+000
  +1.95302769230e+000
  +1.94994023656e+000
  +1.94716012156e+000
  +1.94495949157e+000
  +1.94355376680e+000
  +1.94308055657e+000
  +1.94358618919e+000
  +1.94502117700e+000
  +1.94724506055e+000
  +1.95004015779e+000
  +1.95313287226e+000
  +1.95622047465e+000
  +1.95900073605e+000
  +1.96120151220e+000
  +1.96260738290e+000
  +1.96308073882e+000
  +1.96257525164e+000
  +1.96114040905e+000
  +1.95891667046e+000
  +1.95612171796e+000
  +1.95302914799e+000
  +1.94994168985e+000
  +1.94716157248e+000
  +1.94496094011e+000
  +1.94355521295e+000
  +1.94308200035e+000
  +1.94358763061e+000
  +1.94502261605e+000
  +1.94724649725e+000
  +1.95004159213e+000
  +1.95313430424e+000
  +1.95622190429e+000
  +1.95900216334e+000
  +1.96120293716e+000
  +1.96260880552e+000
  +1.96308215911e+000
  +1.96257666960e+000
  +1.96114182468e+000
  +1.95891808377e+000
  +1.95612312895e+000
  +1.95303055667e+000
  +1.94994309622e+000
  +1.94716297654e+000
  +1.94496234187e+000
  +1.94355661242e+000
  +1.94308339752e+000
  +1.94358902549e+000
  +1.94502400864e+000
  +1.94724788755e+000
  +1.95004298016e+000
  +1.95313569000e+000
  +1.95622328777e+000
  +1.95900354455e+000
  +1.96120431610e+000
  +1.96261018221e+000
  +1.96308353354e+000
  +1.96257804178e+000
  +1.96114319460e+000
  +1.95891945145e+000
  +1.95612449439e+000
  +1.95303191986e+000
  +1.94994445719e+000
  +1.94716433527e+000
  +1.94496369837e+000
  +1.94355796670e+000
  +1.94308474958e+000
  +1.94359037533e+000
  +1.94502535627e+000
  +1.94724923297e+000
  +1.95004432337e+000
  +1.95313703101e+000
  +1.95622462658e+000
  +1.95900488117e+000
  +1.96120565053e+000
  +1.96261151445e+000
  +1.96308486359e+000
  +1.96257936965e+000
  +1.96114452030e+000
  +1.95892077497e+000
  +1.95612581574e+000
  +1.95303323905e+000
  +1.94994577421e+000
  +1.94716565013e+000
  +1.94496501108e+000
  +1.94355927725e+000
  +1.94308605798e+000
  +1.94359168159e+000
  +1.94502666039e+000
  +1.94725053495e+000
  +1.95004562321e+000
  +1.95313832872e+000
  +1.95622592216e+000
  +1.95900617463e+000
  +1.96120694187e+000
  +1.96261280367e+000
  +1.96308615070e+000
  +1.96258065465e+000
  +1.96114580319e+000
  +1.95892205576e+000
  +1.95612709443e+000
  +1.95303451564e+000
  +1.94994704870e+000
  +1.94716692254e+000
  +1.94496628140e+000
  +1.94356054549e+000
  +1.94308732414e+000
  +1.94359294567e+000
  +1.94502792240e+000
  +1.94725179489e+000
  +1.95004688108e+000
  +1.95313958453e+000
</dep>
<dep V_S.Vt time>
  +1.25312644879e+000
  +1.25328660434e+000
  +1.25372792113e+000
  +1.25437447481e+000
  +1.25513332759e+000
  +1.25590232242e+000
  +1.25658240113e+000
  +1.25708597982e+000
  +1.25734528821e+000
  +1.25732023046e+000
  +1.25699964624e+000
  +1.25640330710e+000
  +1.25557872651e+000
  +1.25459622892e+000
  +1.25354198683e+000
  +1.25250985457e+000
  +1.25159262623e+000
  +1.25087333005e+000
  +1.25041720064e+000
  +1.25026503798e+000
  +1.25042869070e+000
  +1.25088934806e+000
  +1.25159928006e+000
  +1.25248518887e+000
  +1.25345658011e+000
  +1.25441464001e+000
  +1.25526231181e+000
  +1.25591414227e+000
  +1.25630481029e+000
  +1.25639543209e+000
  +1.25617702896e+000
  +1.25567091192e+000
  +1.25492611585e+000
  +1.25401432591e+000
  +1.25302292054e+000
  +1.25204680313e+000
  +1.25117966339e+000
  +1.25050528120e+000
  +1.25008951294e+000
  +1.24997366771e+000
  +1.25017000981e+000
  +1.25066002798e+000
  +1.25139585084e+000
  +1.25230480278e+000
  +1.25329667212e+000
  +1.25427290204e+000
  +1.25513667367e+000
  +1.25580275364e+000
  +1.25620602362e+000
  +1.25630778626e+000
  +1.25609923369e+000
  +1.25560183251e+000
  +1.25486475812e+000
  +1.25395982105e+000
  +1.25297450997e+000
  +1.25200382357e+000
  +1.25114153271e+000
  +1.25047148551e+000
  +1.25005959548e+000
  +1.24994721970e+000
  +1.25014666345e+000
  +1.25063945110e+000
  +1.25137774310e+000
  +1.25228889267e+000
  +1.25328271471e+000
  +1.25426067695e+000
  +1.25512598322e+000
  +1.25579342116e+000
  +1.25619789180e+000
  +1.25630071560e+000
  +1.25609310097e+000
  +1.25559652940e+000
  +1.25486018970e+000
  +1.25395590438e+000
  +1.25297117265e+000
  +1.25200100231e+000
  +1.25113917199e+000
  +1.25046953633e+000
  +1.25005801430e+000
  +1.24994596755e+000
  +1.25014570526e+000
  +1.25063875522e+000
  +1.25137728088e+000
  +1.25228863822e+000
  +1.25328264464e+000
  +1.25426077022e+000
  +1.25512622096e+000
  +1.25579378647e+000
  +1.25619836964e+000
  +1.25630129262e+000
  +1.25609376538e+000
  +1.25559727083e+000
  +1.25486099906e+000
  +1.25395677375e+000
  +1.25297209513e+000
  +1.25200197188e+000
  +1.25114018338e+000
  +1.25047058491e+000
  +1.25005909596e+000
  +1.24994707862e+000
  +1.25014684245e+000
  +1.25063991553e+000
  +1.25137846159e+000
  +1.25228983687e+000
  +1.25328385900e+000
  +1.25426199827e+000
  +1.25512746087e+000
  +1.25579503661e+000
  +1.25619962854e+000
  +1.25630255897e+000
  +1.25609503803e+000
  +1.25559854875e+000
  +1.25486228136e+000
  +1.25395805967e+000
  +1.25297338400e+000
  +1.25200326317e+000
  +1.25114147660e+000
  +1.25047187967e+000
  +1.25006039191e+000
  +1.24994837546e+000
  +1.25014813990e+000
  +1.25064121333e+000
  +1.25137975950e+000
  +1.25229113468e+000
  +1.25328515648e+000
  +1.25426329522e+000
  +1.25512875709e+000
  +1.25579633193e+000
  +1.25620092279e+000
  +1.25630385198e+000
  +1.25609632966e+000
  +1.25559983887e+000
  +1.25486356987e+000
  +1.25395934648e+000
  +1.25297466906e+000
  +1.25200454643e+000
  +1.25114275807e+000
  +1.25047315934e+000
  +1.25006166979e+000
  +1.24994965156e+000
  +1.25014941424e+000
  +1.25064248591e+000
  +1.25138103033e+000
  +1.25229240372e+000
  +1.25328642373e+000
  +1.25426456064e+000
  +1.25513002065e+000
  +1.25579759358e+000
  +1.25620218248e+000
  +1.25630510967e+000
  +1.25609758530e+000
  +1.25560109242e+000
  +1.25486482130e+000
  +1.25396059578e+000
  +1.25297591622e+000
  +1.25200579147e+000
  +1.25114400101e+000
  +1.25047440022e+000
  +1.25006290866e+000
  +1.24995088847e+000
  +1.25015064921e+000
  +1.25064371898e+000
  +1.25138226152e+000
  +1.25229363304e+000
  +1.25328765116e+000
  +1.25426578618e+000
  +1.25513124427e+000
  +1.25579881526e+000
  +1.25620340218e+000
  +1.25630632736e+000
  +1.25609880094e+000
  +1.25560230598e+000
  +1.25486603275e+000
  +1.25396180511e+000
  +1.25297712344e+000
  +1.25200699659e+000
  +1.25114520407e+000
  +1.25047560127e+000
  +1.25006410773e+000
  +1.24995208561e+000
  +1.25015184447e+000
  +1.25064491238e+000
  +1.25138345308e+000
  +1.25229482276e+000
  +1.25328883906e+000
  +1.25426697223e+000
  +1.25513242845e+000
  +1.25579999755e+000
  +1.25620458255e+000
  +1.25630750577e+000
  +1.25609997736e+000
  +1.25560348038e+000
  +1.25486720511e+000
  +1.25396297542e+000
  +1.25297829170e+000
  +1.25200816283e+000
  +1.25114636831e+000
  +1.25047676355e+000
  +1.25006526810e+000
  +1.24995324411e+000
  +1.25015300114e+000
</dep>
