<Qucs Dataset 0.0.18>
<indep time 201>
  +0.00000000000e+000
  +2.50000000000e-005
  +5.00000000000e-005
  +7.50000000000e-005
  +1.00000000000e-004
  +1.25000000000e-004
  +1.50000000000e-004
  +1.75000000000e-004
  +2.00000000000e-004
  +2.25000000000e-004
  +2.50000000000e-004
  +2.75000000000e-004
  +3.00000000000e-004
  +3.25000000000e-004
  +3.50000000000e-004
  +3.75000000000e-004
  +4.00000000000e-004
  +4.25000000000e-004
  +4.50000000000e-004
  +4.75000000000e-004
  +5.00000000000e-004
  +5.25000000000e-004
  +5.50000000000e-004
  +5.75000000000e-004
  +6.00000000000e-004
  +6.25000000000e-004
  +6.50000000000e-004
  +6.75000000000e-004
  +7.00000000000e-004
  +7.25000000000e-004
  +7.50000000000e-004
  +7.75000000000e-004
  +8.00000000000e-004
  +8.25000000000e-004
  +8.50000000000e-004
  +8.75000000000e-004
  +9.00000000000e-004
  +9.25000000000e-004
  +9.50000000000e-004
  +9.75000000000e-004
  +1.00000000000e-003
  +1.02500000000e-003
  +1.05000000000e-003
  +1.07500000000e-003
  +1.10000000000e-003
  +1.12500000000e-003
  +1.15000000000e-003
  +1.17500000000e-003
  +1.20000000000e-003
  +1.22500000000e-003
  +1.25000000000e-003
  +1.27500000000e-003
  +1.30000000000e-003
  +1.32500000000e-003
  +1.35000000000e-003
  +1.37500000000e-003
  +1.40000000000e-003
  +1.42500000000e-003
  +1.45000000000e-003
  +1.47500000000e-003
  +1.50000000000e-003
  +1.52500000000e-003
  +1.55000000000e-003
  +1.57500000000e-003
  +1.60000000000e-003
  +1.62500000000e-003
  +1.65000000000e-003
  +1.67500000000e-003
  +1.70000000000e-003
  +1.72500000000e-003
  +1.75000000000e-003
  +1.77500000000e-003
  +1.80000000000e-003
  +1.82500000000e-003
  +1.85000000000e-003
  +1.87500000000e-003
  +1.90000000000e-003
  +1.92500000000e-003
  +1.95000000000e-003
  +1.97500000000e-003
  +2.00000000000e-003
  +2.02500000000e-003
  +2.05000000000e-003
  +2.07500000000e-003
  +2.10000000000e-003
  +2.12500000000e-003
  +2.15000000000e-003
  +2.17500000000e-003
  +2.20000000000e-003
  +2.22500000000e-003
  +2.25000000000e-003
  +2.27500000000e-003
  +2.30000000000e-003
  +2.32500000000e-003
  +2.35000000000e-003
  +2.37500000000e-003
  +2.40000000000e-003
  +2.42500000000e-003
  +2.45000000000e-003
  +2.47500000000e-003
  +2.50000000000e-003
  +2.52500000000e-003
  +2.55000000000e-003
  +2.57500000000e-003
  +2.60000000000e-003
  +2.62500000000e-003
  +2.65000000000e-003
  +2.67500000000e-003
  +2.70000000000e-003
  +2.72500000000e-003
  +2.75000000000e-003
  +2.77500000000e-003
  +2.80000000000e-003
  +2.82500000000e-003
  +2.85000000000e-003
  +2.87500000000e-003
  +2.90000000000e-003
  +2.92500000000e-003
  +2.95000000000e-003
  +2.97500000000e-003
  +3.00000000000e-003
  +3.02500000000e-003
  +3.05000000000e-003
  +3.07500000000e-003
  +3.10000000000e-003
  +3.12500000000e-003
  +3.15000000000e-003
  +3.17500000000e-003
  +3.20000000000e-003
  +3.22500000000e-003
  +3.25000000000e-003
  +3.27500000000e-003
  +3.30000000000e-003
  +3.32500000000e-003
  +3.35000000000e-003
  +3.37500000000e-003
  +3.40000000000e-003
  +3.42500000000e-003
  +3.45000000000e-003
  +3.47500000000e-003
  +3.50000000000e-003
  +3.52500000000e-003
  +3.55000000000e-003
  +3.57500000000e-003
  +3.60000000000e-003
  +3.62500000000e-003
  +3.65000000000e-003
  +3.67500000000e-003
  +3.70000000000e-003
  +3.72500000000e-003
  +3.75000000000e-003
  +3.77500000000e-003
  +3.80000000000e-003
  +3.82500000000e-003
  +3.85000000000e-003
  +3.87500000000e-003
  +3.90000000000e-003
  +3.92500000000e-003
  +3.95000000000e-003
  +3.97500000000e-003
  +4.00000000000e-003
  +4.02500000000e-003
  +4.05000000000e-003
  +4.07500000000e-003
  +4.10000000000e-003
  +4.12500000000e-003
  +4.15000000000e-003
  +4.17500000000e-003
  +4.20000000000e-003
  +4.22500000000e-003
  +4.25000000000e-003
  +4.27500000000e-003
  +4.30000000000e-003
  +4.32500000000e-003
  +4.35000000000e-003
  +4.37500000000e-003
  +4.40000000000e-003
  +4.42500000000e-003
  +4.45000000000e-003
  +4.47500000000e-003
  +4.50000000000e-003
  +4.52500000000e-003
  +4.55000000000e-003
  +4.57500000000e-003
  +4.60000000000e-003
  +4.62500000000e-003
  +4.65000000000e-003
  +4.67500000000e-003
  +4.70000000000e-003
  +4.72500000000e-003
  +4.75000000000e-003
  +4.77500000000e-003
  +4.80000000000e-003
  +4.82500000000e-003
  +4.85000000000e-003
  +4.87500000000e-003
  +4.90000000000e-003
  +4.92500000000e-003
  +4.95000000000e-003
  +4.97500000000e-003
  +5.00000000000e-003
</indep>
<dep V1.It time>
  +0.00000000000e+000
  +3.14243230664e-011
  +6.28733581639e-011
  +9.42409529903e-011
  +1.25169021857e-010
  +1.54953416025e-010
  +1.82504883110e-010
  +2.06399770872e-010
  +2.25045611849e-010
  +2.36952834073e-010
  +2.41051921611e-010
  +2.36952834073e-010
  +2.25045611849e-010
  +2.06399770872e-010
  +1.82504883110e-010
  +1.54953416027e-010
  +1.25169021857e-010
  +9.42409529903e-011
  +6.28733581639e-011
  +3.14243230659e-011
  +2.44920168641e-026
  -3.14243230659e-011
  -6.28733581639e-011
  -9.42409529899e-011
  -1.25169021857e-010
  -1.54953416025e-010
  -1.82504883110e-010
  -2.06399770872e-010
  -2.25045611849e-010
  -2.36952834073e-010
  -2.41051921611e-010
  -2.36952834073e-010
  -2.25045611849e-010
  -2.06399770872e-010
  -1.82504883110e-010
  -1.54953416027e-010
  -1.25169021857e-010
  -9.42409529903e-011
  -6.28733581639e-011
  -3.14243230659e-011
  -4.89840337281e-026
  +3.14243230659e-011
  +6.28733581639e-011
  +9.42409529903e-011
  +1.25169021857e-010
  +1.54953416025e-010
  +1.82504883110e-010
  +2.06399770868e-010
  +2.25045611849e-010
  +2.36952834073e-010
  +2.41051921611e-010
  +2.36952834073e-010
  +2.25045611849e-010
  +2.06399770872e-010
  +1.82504883110e-010
  +1.54953416025e-010
  +1.25169021857e-010
  +9.42409529903e-011
  +6.28733581639e-011
  +3.14243230659e-011
  +7.34760505922e-026
  -3.14243230659e-011
  -6.28733581638e-011
  -9.42409529903e-011
  -1.25169021857e-010
  -1.54953416025e-010
  -1.82504883110e-010
  -2.06399770868e-010
  -2.25045611849e-010
  -2.36952834073e-010
  -2.41051921611e-010
  -2.36952834073e-010
  -2.25045611849e-010
  -2.06399770868e-010
  -1.82504883110e-010
  -1.54953416027e-010
  -1.25169021857e-010
  -9.42409529903e-011
  -6.28733581639e-011
  -3.14243230659e-011
  -9.79680674562e-026
  +3.14243230659e-011
  +6.28733581639e-011
  +9.42409529899e-011
  +1.25169021857e-010
  +1.54953416025e-010
  +1.82504883110e-010
  +2.06399770868e-010
  +2.25045611849e-010
  +2.36952834073e-010
  +2.41051921611e-010
  +2.36952834073e-010
  +2.25045611849e-010
  +2.06399770868e-010
  +1.82504883110e-010
  +1.54953416027e-010
  +1.25169021857e-010
  +9.42409529903e-011
  +6.28733581639e-011
  +3.14243230659e-011
  +1.22460084320e-025
  -3.14243230659e-011
  -6.28733581639e-011
  -9.42409529903e-011
  -1.25169021857e-010
  -1.54953416025e-010
  -1.82504883110e-010
  -2.06399770868e-010
  -2.25045611849e-010
  -2.36952834073e-010
  -2.41051921611e-010
  -2.36952834073e-010
  -2.25045611849e-010
  -2.06399770872e-010
  -1.82504883110e-010
  -1.54953416025e-010
  -1.25169021857e-010
  -9.42409529903e-011
  -6.28733581639e-011
  -3.14243230659e-011
  -1.46952101184e-025
  +3.14243230659e-011
  +6.28733581639e-011
  +9.42409529903e-011
  +1.25169021857e-010
  +1.54953416025e-010
  +1.82504883110e-010
  +2.06399770868e-010
  +2.25045611849e-010
  +2.36952834073e-010
  +2.41051921611e-010
  +2.36952834073e-010
  +2.25045611849e-010
  +2.06399770872e-010
  +1.82504883110e-010
  +1.54953416025e-010
  +1.25169021857e-010
  +9.42409529903e-011
  +6.28733581639e-011
  +3.14243230659e-011
  +1.71444118048e-025
  -3.14243230659e-011
  -6.28733581639e-011
  -9.42409529903e-011
  -1.25169021857e-010
  -1.54953416025e-010
  -1.82504883110e-010
  -2.06399770872e-010
  -2.25045611849e-010
  -2.36952834073e-010
  -2.41051921611e-010
  -2.36952834050e-010
  -2.25045611849e-010
  -2.06399770872e-010
  -1.82504883110e-010
  -1.54953416025e-010
  -1.25169021857e-010
  -9.42409529903e-011
  -6.28733581638e-011
  -3.14243230659e-011
  -1.95936134912e-025
  +3.14243230659e-011
  +6.28733581639e-011
  +9.42409529903e-011
  +1.25169021857e-010
  +1.54953416025e-010
  +1.82504883110e-010
  +2.06399770872e-010
  +2.25045611849e-010
  +2.36952834073e-010
  +2.41051921611e-010
  +2.36952834050e-010
  +2.25045611849e-010
  +2.06399770872e-010
  +1.82504883110e-010
  +1.54953416027e-010
  +1.25169021857e-010
  +9.42409529903e-011
  +6.28733581639e-011
  +3.14243230659e-011
  -4.90111386604e-025
  -3.14243230659e-011
  -6.28733581638e-011
  -9.42409529903e-011
  -1.25169021857e-010
  -1.54953416025e-010
  -1.82504883110e-010
  -2.06399770868e-010
  -2.25045611849e-010
  -2.36952834073e-010
  -2.41051921611e-010
  -2.36952834073e-010
  -2.25045611849e-010
  -2.06399770872e-010
  -1.82504883110e-010
  -1.54953416027e-010
  -1.25169021857e-010
  -9.42409529903e-011
  -6.28733581639e-011
  -3.14243230659e-011
  -2.44920168641e-025
</dep>
<dep V2.It time>
  +0.00000000000e+000
  -9.38606006318e-005
  -1.85410040754e-004
  -2.72394068475e-004
  -3.52670847839e-004
  -4.24263698067e-004
  -4.85409766051e-004
  -5.34603433605e-004
  -5.70633390610e-004
  -5.92612461208e-004
  -5.99999448673e-004
  -5.92612461208e-004
  -5.70633390610e-004
  -5.34603433605e-004
  -4.85409766051e-004
  -4.24263698067e-004
  -3.52670847839e-004
  -2.72394068475e-004
  -1.85410040754e-004
  -9.38606006318e-005
  -7.34763199992e-020
  +9.38606006318e-005
  +1.85410040754e-004
  +2.72394068475e-004
  +3.52670847839e-004
  +4.24263698067e-004
  +4.85409766051e-004
  +5.34603433605e-004
  +5.70633390610e-004
  +5.92612461208e-004
  +5.99999448673e-004
  +5.92612461208e-004
  +5.70633390610e-004
  +5.34603433605e-004
  +4.85409766051e-004
  +4.24263698067e-004
  +3.52670847839e-004
  +2.72394068475e-004
  +1.85410040754e-004
  +9.38606006318e-005
  +1.46952639998e-019
  -9.38606006318e-005
  -1.85410040754e-004
  -2.72394068475e-004
  -3.52670847839e-004
  -4.24263698067e-004
  -4.85409766051e-004
  -5.34603433605e-004
  -5.70633390610e-004
  -5.92612461208e-004
  -5.99999448673e-004
  -5.92612461208e-004
  -5.70633390610e-004
  -5.34603433605e-004
  -4.85409766051e-004
  -4.24263698067e-004
  -3.52670847839e-004
  -2.72394068475e-004
  -1.85410040754e-004
  -9.38606006318e-005
  -2.20428959998e-019
  +9.38606006318e-005
  +1.85410040754e-004
  +2.72394068475e-004
  +3.52670847839e-004
  +4.24263698067e-004
  +4.85409766051e-004
  +5.34603433605e-004
  +5.70633390610e-004
  +5.92612461208e-004
  +5.99999448673e-004
  +5.92612461208e-004
  +5.70633390610e-004
  +5.34603433605e-004
  +4.85409766051e-004
  +4.24263698067e-004
  +3.52670847839e-004
  +2.72394068475e-004
  +1.85410040754e-004
  +9.38606006318e-005
  +2.93905279997e-019
  -9.38606006317e-005
  -1.85410040754e-004
  -2.72394068475e-004
  -3.52670847839e-004
  -4.24263698067e-004
  -4.85409766051e-004
  -5.34603433605e-004
  -5.70633390610e-004
  -5.92612461208e-004
  -5.99999448673e-004
  -5.92612461208e-004
  -5.70633390610e-004
  -5.34603433605e-004
  -4.85409766051e-004
  -4.24263698067e-004
  -3.52670847839e-004
  -2.72394068475e-004
  -1.85410040754e-004
  -9.38606006318e-005
  -3.67381599996e-019
  +9.38606006317e-005
  +1.85410040754e-004
  +2.72394068475e-004
  +3.52670847839e-004
  +4.24263698067e-004
  +4.85409766051e-004
  +5.34603433605e-004
  +5.70633390610e-004
  +5.92612461208e-004
  +5.99999448673e-004
  +5.92612461208e-004
  +5.70633390610e-004
  +5.34603433605e-004
  +4.85409766051e-004
  +4.24263698067e-004
  +3.52670847839e-004
  +2.72394068475e-004
  +1.85410040754e-004
  +9.38606006317e-005
  +4.40857919995e-019
  -9.38606006318e-005
  -1.85410040754e-004
  -2.72394068475e-004
  -3.52670847839e-004
  -4.24263698067e-004
  -4.85409766051e-004
  -5.34603433605e-004
  -5.70633390610e-004
  -5.92612461208e-004
  -5.99999448673e-004
  -5.92612461208e-004
  -5.70633390610e-004
  -5.34603433605e-004
  -4.85409766051e-004
  -4.24263698067e-004
  -3.52670847839e-004
  -2.72394068475e-004
  -1.85410040754e-004
  -9.38606006317e-005
  -5.14334239994e-019
  +9.38606006318e-005
  +1.85410040754e-004
  +2.72394068475e-004
  +3.52670847839e-004
  +4.24263698067e-004
  +4.85409766051e-004
  +5.34603433605e-004
  +5.70633390610e-004
  +5.92612461208e-004
  +5.99999448673e-004
  +5.92612461208e-004
  +5.70633390610e-004
  +5.34603433605e-004
  +4.85409766051e-004
  +4.24263698067e-004
  +3.52670847839e-004
  +2.72394068475e-004
  +1.85410040754e-004
  +9.38606006317e-005
  +5.87810559994e-019
  -9.38606006318e-005
  -1.85410040754e-004
  -2.72394068475e-004
  -3.52670847839e-004
  -4.24263698067e-004
  -4.85409766051e-004
  -5.34603433605e-004
  -5.70633390610e-004
  -5.92612461208e-004
  -5.99999448673e-004
  -5.92612461208e-004
  -5.70633390610e-004
  -5.34603433605e-004
  -4.85409766051e-004
  -4.24263698067e-004
  -3.52670847839e-004
  -2.72394068475e-004
  -1.85410040754e-004
  -9.38606006318e-005
  +1.47033955094e-018
  +9.38606006318e-005
  +1.85410040754e-004
  +2.72394068475e-004
  +3.52670847839e-004
  +4.24263698067e-004
  +4.85409766051e-004
  +5.34603433605e-004
  +5.70633390610e-004
  +5.92612461208e-004
  +5.99999448673e-004
  +5.92612461208e-004
  +5.70633390610e-004
  +5.34603433605e-004
  +4.85409766051e-004
  +4.24263698067e-004
  +3.52670847839e-004
  +2.72394068475e-004
  +1.85410040754e-004
  +9.38606006317e-005
  +7.34763199992e-019
</dep>
<dep V2.Vt time>
  +0.00000000000e+000
  +6.25737860161e-001
  +1.23606797750e+000
  +1.81596199896e+000
  +2.35114100917e+000
  +2.82842712475e+000
  +3.23606797750e+000
  +3.56402609675e+000
  +3.80422606518e+000
  +3.95075336238e+000
  +4.00000000000e+000
  +3.95075336238e+000
  +3.80422606518e+000
  +3.56402609675e+000
  +3.23606797750e+000
  +2.82842712475e+000
  +2.35114100917e+000
  +1.81596199896e+000
  +1.23606797750e+000
  +6.25737860161e-001
  +4.89842541529e-016
  -6.25737860161e-001
  -1.23606797750e+000
  -1.81596199896e+000
  -2.35114100917e+000
  -2.82842712475e+000
  -3.23606797750e+000
  -3.56402609675e+000
  -3.80422606518e+000
  -3.95075336238e+000
  -4.00000000000e+000
  -3.95075336238e+000
  -3.80422606518e+000
  -3.56402609675e+000
  -3.23606797750e+000
  -2.82842712475e+000
  -2.35114100917e+000
  -1.81596199896e+000
  -1.23606797750e+000
  -6.25737860161e-001
  -9.79685083058e-016
  +6.25737860161e-001
  +1.23606797750e+000
  +1.81596199896e+000
  +2.35114100917e+000
  +2.82842712475e+000
  +3.23606797750e+000
  +3.56402609675e+000
  +3.80422606518e+000
  +3.95075336238e+000
  +4.00000000000e+000
  +3.95075336238e+000
  +3.80422606518e+000
  +3.56402609675e+000
  +3.23606797750e+000
  +2.82842712475e+000
  +2.35114100917e+000
  +1.81596199896e+000
  +1.23606797750e+000
  +6.25737860161e-001
  +1.46952762459e-015
  -6.25737860161e-001
  -1.23606797750e+000
  -1.81596199896e+000
  -2.35114100917e+000
  -2.82842712475e+000
  -3.23606797750e+000
  -3.56402609675e+000
  -3.80422606518e+000
  -3.95075336238e+000
  -4.00000000000e+000
  -3.95075336238e+000
  -3.80422606518e+000
  -3.56402609675e+000
  -3.23606797750e+000
  -2.82842712475e+000
  -2.35114100917e+000
  -1.81596199896e+000
  -1.23606797750e+000
  -6.25737860161e-001
  -1.95937016612e-015
  +6.25737860161e-001
  +1.23606797750e+000
  +1.81596199896e+000
  +2.35114100917e+000
  +2.82842712475e+000
  +3.23606797750e+000
  +3.56402609675e+000
  +3.80422606518e+000
  +3.95075336238e+000
  +4.00000000000e+000
  +3.95075336238e+000
  +3.80422606518e+000
  +3.56402609675e+000
  +3.23606797750e+000
  +2.82842712475e+000
  +2.35114100917e+000
  +1.81596199896e+000
  +1.23606797750e+000
  +6.25737860161e-001
  +2.44921270764e-015
  -6.25737860161e-001
  -1.23606797750e+000
  -1.81596199896e+000
  -2.35114100917e+000
  -2.82842712475e+000
  -3.23606797750e+000
  -3.56402609675e+000
  -3.80422606518e+000
  -3.95075336238e+000
  -4.00000000000e+000
  -3.95075336238e+000
  -3.80422606518e+000
  -3.56402609675e+000
  -3.23606797750e+000
  -2.82842712475e+000
  -2.35114100917e+000
  -1.81596199896e+000
  -1.23606797750e+000
  -6.25737860161e-001
  -2.93905524917e-015
  +6.25737860161e-001
  +1.23606797750e+000
  +1.81596199896e+000
  +2.35114100917e+000
  +2.82842712475e+000
  +3.23606797750e+000
  +3.56402609675e+000
  +3.80422606518e+000
  +3.95075336238e+000
  +4.00000000000e+000
  +3.95075336238e+000
  +3.80422606518e+000
  +3.56402609675e+000
  +3.23606797750e+000
  +2.82842712475e+000
  +2.35114100917e+000
  +1.81596199896e+000
  +1.23606797750e+000
  +6.25737860161e-001
  +3.42889779070e-015
  -6.25737860161e-001
  -1.23606797750e+000
  -1.81596199896e+000
  -2.35114100917e+000
  -2.82842712475e+000
  -3.23606797750e+000
  -3.56402609675e+000
  -3.80422606518e+000
  -3.95075336238e+000
  -4.00000000000e+000
  -3.95075336238e+000
  -3.80422606518e+000
  -3.56402609675e+000
  -3.23606797750e+000
  -2.82842712475e+000
  -2.35114100917e+000
  -1.81596199896e+000
  -1.23606797750e+000
  -6.25737860161e-001
  -3.91874033223e-015
  +6.25737860161e-001
  +1.23606797750e+000
  +1.81596199896e+000
  +2.35114100917e+000
  +2.82842712475e+000
  +3.23606797750e+000
  +3.56402609675e+000
  +3.80422606518e+000
  +3.95075336238e+000
  +4.00000000000e+000
  +3.95075336238e+000
  +3.80422606518e+000
  +3.56402609675e+000
  +3.23606797750e+000
  +2.82842712475e+000
  +2.35114100917e+000
  +1.81596199896e+000
  +1.23606797750e+000
  +6.25737860161e-001
  -9.80227184144e-015
  -6.25737860161e-001
  -1.23606797750e+000
  -1.81596199896e+000
  -2.35114100917e+000
  -2.82842712475e+000
  -3.23606797750e+000
  -3.56402609675e+000
  -3.80422606518e+000
  -3.95075336238e+000
  -4.00000000000e+000
  -3.95075336238e+000
  -3.80422606518e+000
  -3.56402609675e+000
  -3.23606797750e+000
  -2.82842712475e+000
  -2.35114100917e+000
  -1.81596199896e+000
  -1.23606797750e+000
  -6.25737860161e-001
  -4.89842541529e-015
</dep>
<dep V1.Vt time>
  +0.00000000000e+000
  +1.56434465040e-001
  +3.09016994375e-001
  +4.53990499740e-001
  +5.87785252292e-001
  +7.07106781187e-001
  +8.09016994375e-001
  +8.91006524188e-001
  +9.51056516295e-001
  +9.87688340595e-001
  +1.00000000000e+000
  +9.87688340595e-001
  +9.51056516295e-001
  +8.91006524188e-001
  +8.09016994375e-001
  +7.07106781187e-001
  +5.87785252292e-001
  +4.53990499740e-001
  +3.09016994375e-001
  +1.56434465040e-001
  +1.22460635382e-016
  -1.56434465040e-001
  -3.09016994375e-001
  -4.53990499740e-001
  -5.87785252292e-001
  -7.07106781187e-001
  -8.09016994375e-001
  -8.91006524188e-001
  -9.51056516295e-001
  -9.87688340595e-001
  -1.00000000000e+000
  -9.87688340595e-001
  -9.51056516295e-001
  -8.91006524188e-001
  -8.09016994375e-001
  -7.07106781187e-001
  -5.87785252292e-001
  -4.53990499740e-001
  -3.09016994375e-001
  -1.56434465040e-001
  -2.44921270764e-016
  +1.56434465040e-001
  +3.09016994375e-001
  +4.53990499740e-001
  +5.87785252292e-001
  +7.07106781187e-001
  +8.09016994375e-001
  +8.91006524188e-001
  +9.51056516295e-001
  +9.87688340595e-001
  +1.00000000000e+000
  +9.87688340595e-001
  +9.51056516295e-001
  +8.91006524188e-001
  +8.09016994375e-001
  +7.07106781187e-001
  +5.87785252292e-001
  +4.53990499740e-001
  +3.09016994375e-001
  +1.56434465040e-001
  +3.67381906147e-016
  -1.56434465040e-001
  -3.09016994375e-001
  -4.53990499740e-001
  -5.87785252292e-001
  -7.07106781187e-001
  -8.09016994375e-001
  -8.91006524188e-001
  -9.51056516295e-001
  -9.87688340595e-001
  -1.00000000000e+000
  -9.87688340595e-001
  -9.51056516295e-001
  -8.91006524188e-001
  -8.09016994375e-001
  -7.07106781187e-001
  -5.87785252292e-001
  -4.53990499740e-001
  -3.09016994375e-001
  -1.56434465040e-001
  -4.89842541529e-016
  +1.56434465040e-001
  +3.09016994375e-001
  +4.53990499740e-001
  +5.87785252292e-001
  +7.07106781187e-001
  +8.09016994375e-001
  +8.91006524188e-001
  +9.51056516295e-001
  +9.87688340595e-001
  +1.00000000000e+000
  +9.87688340595e-001
  +9.51056516295e-001
  +8.91006524188e-001
  +8.09016994375e-001
  +7.07106781187e-001
  +5.87785252292e-001
  +4.53990499740e-001
  +3.09016994375e-001
  +1.56434465040e-001
  +6.12303176911e-016
  -1.56434465040e-001
  -3.09016994375e-001
  -4.53990499740e-001
  -5.87785252292e-001
  -7.07106781187e-001
  -8.09016994375e-001
  -8.91006524188e-001
  -9.51056516295e-001
  -9.87688340595e-001
  -1.00000000000e+000
  -9.87688340595e-001
  -9.51056516295e-001
  -8.91006524188e-001
  -8.09016994375e-001
  -7.07106781187e-001
  -5.87785252292e-001
  -4.53990499740e-001
  -3.09016994375e-001
  -1.56434465040e-001
  -7.34763812293e-016
  +1.56434465040e-001
  +3.09016994375e-001
  +4.53990499740e-001
  +5.87785252292e-001
  +7.07106781187e-001
  +8.09016994375e-001
  +8.91006524188e-001
  +9.51056516295e-001
  +9.87688340595e-001
  +1.00000000000e+000
  +9.87688340595e-001
  +9.51056516295e-001
  +8.91006524188e-001
  +8.09016994375e-001
  +7.07106781187e-001
  +5.87785252292e-001
  +4.53990499740e-001
  +3.09016994375e-001
  +1.56434465040e-001
  +8.57224447676e-016
  -1.56434465040e-001
  -3.09016994375e-001
  -4.53990499740e-001
  -5.87785252292e-001
  -7.07106781187e-001
  -8.09016994375e-001
  -8.91006524188e-001
  -9.51056516295e-001
  -9.87688340595e-001
  -1.00000000000e+000
  -9.87688340595e-001
  -9.51056516295e-001
  -8.91006524188e-001
  -8.09016994375e-001
  -7.07106781187e-001
  -5.87785252292e-001
  -4.53990499740e-001
  -3.09016994375e-001
  -1.56434465040e-001
  -9.79685083058e-016
  +1.56434465040e-001
  +3.09016994375e-001
  +4.53990499740e-001
  +5.87785252292e-001
  +7.07106781187e-001
  +8.09016994375e-001
  +8.91006524188e-001
  +9.51056516295e-001
  +9.87688340595e-001
  +1.00000000000e+000
  +9.87688340595e-001
  +9.51056516295e-001
  +8.91006524188e-001
  +8.09016994375e-001
  +7.07106781187e-001
  +5.87785252292e-001
  +4.53990499740e-001
  +3.09016994375e-001
  +1.56434465040e-001
  -2.45056796036e-015
  -1.56434465040e-001
  -3.09016994375e-001
  -4.53990499740e-001
  -5.87785252292e-001
  -7.07106781187e-001
  -8.09016994375e-001
  -8.91006524188e-001
  -9.51056516295e-001
  -9.87688340595e-001
  -1.00000000000e+000
  -9.87688340595e-001
  -9.51056516295e-001
  -8.91006524188e-001
  -8.09016994375e-001
  -7.07106781187e-001
  -5.87785252292e-001
  -4.53990499740e-001
  -3.09016994375e-001
  -1.56434465040e-001
  -1.22460635382e-015
</dep>
<dep _net2.Vt time>
  +0.00000000000e+000
  +7.83923880110e-007
  +1.55870608039e-006
  +2.31368906445e-006
  +3.03536216119e-006
  +3.70644711591e-006
  +4.30574152251e-006
  +4.80908507106e-006
  +5.19166677695e-006
  +5.43149287557e-006
  +5.51326690117e-006
  +5.43149287557e-006
  +5.19166677695e-006
  +4.80908507106e-006
  +4.30574152251e-006
  +3.70644711591e-006
  +3.03536216119e-006
  +2.31368906445e-006
  +1.55870608039e-006
  +7.83923880110e-007
  +6.12301340007e-022
  -7.83923880110e-007
  -1.55870608039e-006
  -2.31368906445e-006
  -3.03536216119e-006
  -3.70644711591e-006
  -4.30574152251e-006
  -4.80908507106e-006
  -5.19166677695e-006
  -5.43149287557e-006
  -5.51326690117e-006
  -5.43149287557e-006
  -5.19166677695e-006
  -4.80908507106e-006
  -4.30574152251e-006
  -3.70644711591e-006
  -3.03536216119e-006
  -2.31368906445e-006
  -1.55870608039e-006
  -7.83923880110e-007
  -1.22460268001e-021
  +7.83923880110e-007
  +1.55870608039e-006
  +2.31368906445e-006
  +3.03536216119e-006
  +3.70644711591e-006
  +4.30574152251e-006
  +4.80908507106e-006
  +5.19166677695e-006
  +5.43149287557e-006
  +5.51326690117e-006
  +5.43149287557e-006
  +5.19166677695e-006
  +4.80908507106e-006
  +4.30574152251e-006
  +3.70644711591e-006
  +3.03536216119e-006
  +2.31368906445e-006
  +1.55870608039e-006
  +7.83923880110e-007
  +1.83690402002e-021
  -7.83923880110e-007
  -1.55870608039e-006
  -2.31368906445e-006
  -3.03536216119e-006
  -3.70644711591e-006
  -4.30574152251e-006
  -4.80908507106e-006
  -5.19166677695e-006
  -5.43149287557e-006
  -5.51326690117e-006
  -5.43149287557e-006
  -5.19166677695e-006
  -4.80908507106e-006
  -4.30574152251e-006
  -3.70644711591e-006
  -3.03536216119e-006
  -2.31368906445e-006
  -1.55870608039e-006
  -7.83923880110e-007
  -2.44920536003e-021
  +7.83923880110e-007
  +1.55870608039e-006
  +2.31368906445e-006
  +3.03536216119e-006
  +3.70644711591e-006
  +4.30574152251e-006
  +4.80908507106e-006
  +5.19166677695e-006
  +5.43149287557e-006
  +5.51326690117e-006
  +5.43149287557e-006
  +5.19166677695e-006
  +4.80908507106e-006
  +4.30574152251e-006
  +3.70644711591e-006
  +3.03536216119e-006
  +2.31368906445e-006
  +1.55870608039e-006
  +7.83923880110e-007
  +3.06150670004e-021
  -7.83923880110e-007
  -1.55870608039e-006
  -2.31368906445e-006
  -3.03536216119e-006
  -3.70644711591e-006
  -4.30574152251e-006
  -4.80908507106e-006
  -5.19166677695e-006
  -5.43149287557e-006
  -5.51326690117e-006
  -5.43149287557e-006
  -5.19166677695e-006
  -4.80908507106e-006
  -4.30574152251e-006
  -3.70644711591e-006
  -3.03536216119e-006
  -2.31368906445e-006
  -1.55870608039e-006
  -7.83923880110e-007
  -3.67380804004e-021
  +7.83923880110e-007
  +1.55870608039e-006
  +2.31368906445e-006
  +3.03536216119e-006
  +3.70644711591e-006
  +4.30574152251e-006
  +4.80908507106e-006
  +5.19166677695e-006
  +5.43149287557e-006
  +5.51326690117e-006
  +5.43149287557e-006
  +5.19166677695e-006
  +4.80908507106e-006
  +4.30574152251e-006
  +3.70644711591e-006
  +3.03536216119e-006
  +2.31368906445e-006
  +1.55870608039e-006
  +7.83923880110e-007
  +4.28610938005e-021
  -7.83923880110e-007
  -1.55870608039e-006
  -2.31368906445e-006
  -3.03536216119e-006
  -3.70644711591e-006
  -4.30574152251e-006
  -4.80908507106e-006
  -5.19166677695e-006
  -5.43149287557e-006
  -5.51326690117e-006
  -5.43149287557e-006
  -5.19166677695e-006
  -4.80908507106e-006
  -4.30574152251e-006
  -3.70644711591e-006
  -3.03536216119e-006
  -2.31368906445e-006
  -1.55870608039e-006
  -7.83923880110e-007
  -4.89841072006e-021
  +7.83923880110e-007
  +1.55870608039e-006
  +2.31368906445e-006
  +3.03536216119e-006
  +3.70644711591e-006
  +4.30574152251e-006
  +4.80908507106e-006
  +5.19166677695e-006
  +5.43149287557e-006
  +5.51326690117e-006
  +5.43149287557e-006
  +5.19166677695e-006
  +4.80908507106e-006
  +4.30574152251e-006
  +3.70644711591e-006
  +3.03536216119e-006
  +2.31368906445e-006
  +1.55870608039e-006
  +7.83923880110e-007
  -1.22528030434e-020
  -7.83923880110e-007
  -1.55870608039e-006
  -2.31368906445e-006
  -3.03536216119e-006
  -3.70644711591e-006
  -4.30574152251e-006
  -4.80908507106e-006
  -5.19166677695e-006
  -5.43149287557e-006
  -5.51326690117e-006
  -5.43149287557e-006
  -5.19166677695e-006
  -4.80908507106e-006
  -4.30574152251e-006
  -3.70644711591e-006
  -3.03536216119e-006
  -2.31368906445e-006
  -1.55870608039e-006
  -7.83923880110e-007
  -6.12301340007e-021
</dep>
<dep Vadd.Vt time>
  +0.00000000000e+000
  -7.82169973430e-001
  -1.54508029576e+000
  -2.26994555763e+000
  -2.93891715538e+000
  -3.53552278659e+000
  -4.04507205465e+000
  -4.45501819369e+000
  -4.75526700648e+000
  -4.93842540850e+000
  -4.99998346020e+000
  -4.93842540850e+000
  -4.75526700648e+000
  -4.45501819369e+000
  -4.04507205465e+000
  -3.53552278659e+000
  -2.93891715538e+000
  -2.26994555763e+000
  -1.54508029576e+000
  -7.82169973430e-001
  -6.12301340007e-016
  +7.82169973430e-001
  +1.54508029576e+000
  +2.26994555763e+000
  +2.93891715538e+000
  +3.53552278659e+000
  +4.04507205465e+000
  +4.45501819369e+000
  +4.75526700648e+000
  +4.93842540850e+000
  +4.99998346020e+000
  +4.93842540850e+000
  +4.75526700648e+000
  +4.45501819369e+000
  +4.04507205465e+000
  +3.53552278659e+000
  +2.93891715538e+000
  +2.26994555763e+000
  +1.54508029576e+000
  +7.82169973430e-001
  +1.22460268001e-015
  -7.82169973430e-001
  -1.54508029576e+000
  -2.26994555763e+000
  -2.93891715538e+000
  -3.53552278659e+000
  -4.04507205465e+000
  -4.45501819369e+000
  -4.75526700648e+000
  -4.93842540850e+000
  -4.99998346020e+000
  -4.93842540850e+000
  -4.75526700648e+000
  -4.45501819369e+000
  -4.04507205465e+000
  -3.53552278659e+000
  -2.93891715538e+000
  -2.26994555763e+000
  -1.54508029576e+000
  -7.82169973430e-001
  -1.83690402002e-015
  +7.82169973430e-001
  +1.54508029576e+000
  +2.26994555763e+000
  +2.93891715538e+000
  +3.53552278659e+000
  +4.04507205465e+000
  +4.45501819369e+000
  +4.75526700648e+000
  +4.93842540850e+000
  +4.99998346020e+000
  +4.93842540850e+000
  +4.75526700648e+000
  +4.45501819369e+000
  +4.04507205465e+000
  +3.53552278659e+000
  +2.93891715538e+000
  +2.26994555763e+000
  +1.54508029576e+000
  +7.82169973430e-001
  +2.44920536003e-015
  -7.82169973430e-001
  -1.54508029576e+000
  -2.26994555763e+000
  -2.93891715538e+000
  -3.53552278659e+000
  -4.04507205465e+000
  -4.45501819369e+000
  -4.75526700648e+000
  -4.93842540850e+000
  -4.99998346020e+000
  -4.93842540850e+000
  -4.75526700648e+000
  -4.45501819369e+000
  -4.04507205465e+000
  -3.53552278659e+000
  -2.93891715538e+000
  -2.26994555763e+000
  -1.54508029576e+000
  -7.82169973430e-001
  -3.06150670004e-015
  +7.82169973430e-001
  +1.54508029576e+000
  +2.26994555763e+000
  +2.93891715538e+000
  +3.53552278659e+000
  +4.04507205465e+000
  +4.45501819369e+000
  +4.75526700648e+000
  +4.93842540850e+000
  +4.99998346020e+000
  +4.93842540850e+000
  +4.75526700648e+000
  +4.45501819369e+000
  +4.04507205465e+000
  +3.53552278659e+000
  +2.93891715538e+000
  +2.26994555763e+000
  +1.54508029576e+000
  +7.82169973430e-001
  +3.67380804004e-015
  -7.82169973430e-001
  -1.54508029576e+000
  -2.26994555763e+000
  -2.93891715538e+000
  -3.53552278659e+000
  -4.04507205465e+000
  -4.45501819369e+000
  -4.75526700648e+000
  -4.93842540850e+000
  -4.99998346020e+000
  -4.93842540850e+000
  -4.75526700648e+000
  -4.45501819369e+000
  -4.04507205465e+000
  -3.53552278659e+000
  -2.93891715538e+000
  -2.26994555763e+000
  -1.54508029576e+000
  -7.82169973430e-001
  -4.28610938005e-015
  +7.82169973430e-001
  +1.54508029576e+000
  +2.26994555763e+000
  +2.93891715538e+000
  +3.53552278659e+000
  +4.04507205465e+000
  +4.45501819369e+000
  +4.75526700648e+000
  +4.93842540850e+000
  +4.99998346020e+000
  +4.93842540850e+000
  +4.75526700648e+000
  +4.45501819369e+000
  +4.04507205465e+000
  +3.53552278659e+000
  +2.93891715538e+000
  +2.26994555763e+000
  +1.54508029576e+000
  +7.82169973430e-001
  +4.89841072006e-015
  -7.82169973430e-001
  -1.54508029576e+000
  -2.26994555763e+000
  -2.93891715538e+000
  -3.53552278659e+000
  -4.04507205465e+000
  -4.45501819369e+000
  -4.75526700648e+000
  -4.93842540850e+000
  -4.99998346020e+000
  -4.93842540850e+000
  -4.75526700648e+000
  -4.45501819369e+000
  -4.04507205465e+000
  -3.53552278659e+000
  -2.93891715538e+000
  -2.26994555763e+000
  -1.54508029576e+000
  -7.82169973430e-001
  +1.22528030434e-014
  +7.82169973430e-001
  +1.54508029576e+000
  +2.26994555763e+000
  +2.93891715538e+000
  +3.53552278659e+000
  +4.04507205465e+000
  +4.45501819369e+000
  +4.75526700648e+000
  +4.93842540850e+000
  +4.99998346020e+000
  +4.93842540850e+000
  +4.75526700648e+000
  +4.45501819369e+000
  +4.04507205465e+000
  +3.53552278659e+000
  +2.93891715538e+000
  +2.26994555763e+000
  +1.54508029576e+000
  +7.82169973430e-001
  +6.12301340007e-015
</dep>
<dep _net1.Vt time>
  +0.00000000000e+000
  +3.12868930080e-001
  +6.18033988750e-001
  +9.07980999479e-001
  +1.17557050458e+000
  +1.41421356237e+000
  +1.61803398875e+000
  +1.78201304838e+000
  +1.90211303259e+000
  +1.97537668119e+000
  +2.00000000000e+000
  +1.97537668119e+000
  +1.90211303259e+000
  +1.78201304838e+000
  +1.61803398875e+000
  +1.41421356237e+000
  +1.17557050458e+000
  +9.07980999479e-001
  +6.18033988750e-001
  +3.12868930080e-001
  +2.44921270764e-016
  -3.12868930080e-001
  -6.18033988750e-001
  -9.07980999479e-001
  -1.17557050458e+000
  -1.41421356237e+000
  -1.61803398875e+000
  -1.78201304838e+000
  -1.90211303259e+000
  -1.97537668119e+000
  -2.00000000000e+000
  -1.97537668119e+000
  -1.90211303259e+000
  -1.78201304838e+000
  -1.61803398875e+000
  -1.41421356237e+000
  -1.17557050458e+000
  -9.07980999479e-001
  -6.18033988750e-001
  -3.12868930080e-001
  -4.89842541529e-016
  +3.12868930080e-001
  +6.18033988750e-001
  +9.07980999479e-001
  +1.17557050458e+000
  +1.41421356237e+000
  +1.61803398875e+000
  +1.78201304838e+000
  +1.90211303259e+000
  +1.97537668119e+000
  +2.00000000000e+000
  +1.97537668119e+000
  +1.90211303259e+000
  +1.78201304838e+000
  +1.61803398875e+000
  +1.41421356237e+000
  +1.17557050458e+000
  +9.07980999479e-001
  +6.18033988750e-001
  +3.12868930080e-001
  +7.34763812293e-016
  -3.12868930080e-001
  -6.18033988750e-001
  -9.07980999479e-001
  -1.17557050458e+000
  -1.41421356237e+000
  -1.61803398875e+000
  -1.78201304838e+000
  -1.90211303259e+000
  -1.97537668119e+000
  -2.00000000000e+000
  -1.97537668119e+000
  -1.90211303259e+000
  -1.78201304838e+000
  -1.61803398875e+000
  -1.41421356237e+000
  -1.17557050458e+000
  -9.07980999479e-001
  -6.18033988750e-001
  -3.12868930080e-001
  -9.79685083058e-016
  +3.12868930080e-001
  +6.18033988750e-001
  +9.07980999479e-001
  +1.17557050458e+000
  +1.41421356237e+000
  +1.61803398875e+000
  +1.78201304838e+000
  +1.90211303259e+000
  +1.97537668119e+000
  +2.00000000000e+000
  +1.97537668119e+000
  +1.90211303259e+000
  +1.78201304838e+000
  +1.61803398875e+000
  +1.41421356237e+000
  +1.17557050458e+000
  +9.07980999479e-001
  +6.18033988750e-001
  +3.12868930080e-001
  +1.22460635382e-015
  -3.12868930080e-001
  -6.18033988750e-001
  -9.07980999479e-001
  -1.17557050458e+000
  -1.41421356237e+000
  -1.61803398875e+000
  -1.78201304838e+000
  -1.90211303259e+000
  -1.97537668119e+000
  -2.00000000000e+000
  -1.97537668119e+000
  -1.90211303259e+000
  -1.78201304838e+000
  -1.61803398875e+000
  -1.41421356237e+000
  -1.17557050458e+000
  -9.07980999479e-001
  -6.18033988750e-001
  -3.12868930080e-001
  -1.46952762459e-015
  +3.12868930080e-001
  +6.18033988750e-001
  +9.07980999479e-001
  +1.17557050458e+000
  +1.41421356237e+000
  +1.61803398875e+000
  +1.78201304838e+000
  +1.90211303259e+000
  +1.97537668119e+000
  +2.00000000000e+000
  +1.97537668119e+000
  +1.90211303259e+000
  +1.78201304838e+000
  +1.61803398875e+000
  +1.41421356237e+000
  +1.17557050458e+000
  +9.07980999479e-001
  +6.18033988750e-001
  +3.12868930080e-001
  +1.71444889535e-015
  -3.12868930080e-001
  -6.18033988750e-001
  -9.07980999479e-001
  -1.17557050458e+000
  -1.41421356237e+000
  -1.61803398875e+000
  -1.78201304838e+000
  -1.90211303259e+000
  -1.97537668119e+000
  -2.00000000000e+000
  -1.97537668119e+000
  -1.90211303259e+000
  -1.78201304838e+000
  -1.61803398875e+000
  -1.41421356237e+000
  -1.17557050458e+000
  -9.07980999479e-001
  -6.18033988750e-001
  -3.12868930080e-001
  -1.95937016612e-015
  +3.12868930080e-001
  +6.18033988750e-001
  +9.07980999479e-001
  +1.17557050458e+000
  +1.41421356237e+000
  +1.61803398875e+000
  +1.78201304838e+000
  +1.90211303259e+000
  +1.97537668119e+000
  +2.00000000000e+000
  +1.97537668119e+000
  +1.90211303259e+000
  +1.78201304838e+000
  +1.61803398875e+000
  +1.41421356237e+000
  +1.17557050458e+000
  +9.07980999479e-001
  +6.18033988750e-001
  +3.12868930080e-001
  -4.90113592072e-015
  -3.12868930080e-001
  -6.18033988750e-001
  -9.07980999479e-001
  -1.17557050458e+000
  -1.41421356237e+000
  -1.61803398875e+000
  -1.78201304838e+000
  -1.90211303259e+000
  -1.97537668119e+000
  -2.00000000000e+000
  -1.97537668119e+000
  -1.90211303259e+000
  -1.78201304838e+000
  -1.61803398875e+000
  -1.41421356237e+000
  -1.17557050458e+000
  -9.07980999479e-001
  -6.18033988750e-001
  -3.12868930080e-001
  -2.44921270764e-015
</dep>
<dep Vsub.Vt time>
  +0.00000000000e+000
  +4.69302455759e-001
  +9.27049123180e-001
  +1.36196875666e+000
  +1.76335218953e+000
  +2.12131602973e+000
  +2.42704602174e+000
  +2.67301408239e+000
  +2.85316366646e+000
  +2.96305889786e+000
  +2.99999379450e+000
  +2.96305889786e+000
  +2.85316366646e+000
  +2.67301408239e+000
  +2.42704602174e+000
  +2.12131602973e+000
  +1.76335218953e+000
  +1.36196875666e+000
  +9.27049123180e-001
  +4.69302455759e-001
  +3.67381171384e-016
  -4.69302455759e-001
  -9.27049123180e-001
  -1.36196875666e+000
  -1.76335218953e+000
  -2.12131602973e+000
  -2.42704602174e+000
  -2.67301408239e+000
  -2.85316366646e+000
  -2.96305889786e+000
  -2.99999379450e+000
  -2.96305889786e+000
  -2.85316366646e+000
  -2.67301408239e+000
  -2.42704602174e+000
  -2.12131602973e+000
  -1.76335218953e+000
  -1.36196875666e+000
  -9.27049123180e-001
  -4.69302455759e-001
  -7.34762342769e-016
  +4.69302455759e-001
  +9.27049123180e-001
  +1.36196875666e+000
  +1.76335218953e+000
  +2.12131602973e+000
  +2.42704602174e+000
  +2.67301408239e+000
  +2.85316366646e+000
  +2.96305889786e+000
  +2.99999379450e+000
  +2.96305889786e+000
  +2.85316366646e+000
  +2.67301408239e+000
  +2.42704602174e+000
  +2.12131602973e+000
  +1.76335218953e+000
  +1.36196875666e+000
  +9.27049123180e-001
  +4.69302455759e-001
  +1.10214351415e-015
  -4.69302455759e-001
  -9.27049123180e-001
  -1.36196875666e+000
  -1.76335218953e+000
  -2.12131602973e+000
  -2.42704602174e+000
  -2.67301408239e+000
  -2.85316366646e+000
  -2.96305889786e+000
  -2.99999379450e+000
  -2.96305889786e+000
  -2.85316366646e+000
  -2.67301408239e+000
  -2.42704602174e+000
  -2.12131602973e+000
  -1.76335218953e+000
  -1.36196875666e+000
  -9.27049123180e-001
  -4.69302455759e-001
  -1.46952468554e-015
  +4.69302455759e-001
  +9.27049123180e-001
  +1.36196875666e+000
  +1.76335218953e+000
  +2.12131602973e+000
  +2.42704602174e+000
  +2.67301408239e+000
  +2.85316366646e+000
  +2.96305889786e+000
  +2.99999379450e+000
  +2.96305889786e+000
  +2.85316366646e+000
  +2.67301408239e+000
  +2.42704602174e+000
  +2.12131602973e+000
  +1.76335218953e+000
  +1.36196875666e+000
  +9.27049123180e-001
  +4.69302455759e-001
  +1.83690585692e-015
  -4.69302455759e-001
  -9.27049123180e-001
  -1.36196875666e+000
  -1.76335218953e+000
  -2.12131602973e+000
  -2.42704602174e+000
  -2.67301408239e+000
  -2.85316366646e+000
  -2.96305889786e+000
  -2.99999379450e+000
  -2.96305889786e+000
  -2.85316366646e+000
  -2.67301408239e+000
  -2.42704602174e+000
  -2.12131602973e+000
  -1.76335218953e+000
  -1.36196875666e+000
  -9.27049123180e-001
  -4.69302455759e-001
  -2.20428702831e-015
  +4.69302455759e-001
  +9.27049123180e-001
  +1.36196875666e+000
  +1.76335218953e+000
  +2.12131602973e+000
  +2.42704602174e+000
  +2.67301408239e+000
  +2.85316366646e+000
  +2.96305889786e+000
  +2.99999379450e+000
  +2.96305889786e+000
  +2.85316366646e+000
  +2.67301408239e+000
  +2.42704602174e+000
  +2.12131602973e+000
  +1.76335218953e+000
  +1.36196875666e+000
  +9.27049123180e-001
  +4.69302455759e-001
  +2.57166819969e-015
  -4.69302455759e-001
  -9.27049123180e-001
  -1.36196875666e+000
  -1.76335218953e+000
  -2.12131602973e+000
  -2.42704602174e+000
  -2.67301408239e+000
  -2.85316366646e+000
  -2.96305889786e+000
  -2.99999379450e+000
  -2.96305889786e+000
  -2.85316366646e+000
  -2.67301408239e+000
  -2.42704602174e+000
  -2.12131602973e+000
  -1.76335218953e+000
  -1.36196875666e+000
  -9.27049123180e-001
  -4.69302455759e-001
  -2.93904937107e-015
  +4.69302455759e-001
  +9.27049123180e-001
  +1.36196875666e+000
  +1.76335218953e+000
  +2.12131602973e+000
  +2.42704602174e+000
  +2.67301408239e+000
  +2.85316366646e+000
  +2.96305889786e+000
  +2.99999379450e+000
  +2.96305889786e+000
  +2.85316366646e+000
  +2.67301408239e+000
  +2.42704602174e+000
  +2.12131602973e+000
  +1.76335218953e+000
  +1.36196875666e+000
  +9.27049123180e-001
  +4.69302455759e-001
  -7.35168917770e-015
  -4.69302455759e-001
  -9.27049123180e-001
  -1.36196875666e+000
  -1.76335218953e+000
  -2.12131602973e+000
  -2.42704602174e+000
  -2.67301408239e+000
  -2.85316366646e+000
  -2.96305889786e+000
  -2.99999379450e+000
  -2.96305889786e+000
  -2.85316366646e+000
  -2.67301408239e+000
  -2.42704602174e+000
  -2.12131602973e+000
  -1.76335218953e+000
  -1.36196875666e+000
  -9.27049123180e-001
  -4.69302455759e-001
  -3.67381171384e-015
</dep>
<dep _net0.Vt time>
  +0.00000000000e+000
  +3.12868460400e-001
  +6.18033058777e-001
  +9.07979628200e-001
  +1.17556872091e+000
  +1.41421140546e+000
  +1.61803150806e+000
  +1.78201030329e+000
  +1.90211009138e+000
  +1.97537361923e+000
  +1.99999689725e+000
  +1.97537361923e+000
  +1.90211009138e+000
  +1.78201030329e+000
  +1.61803150806e+000
  +1.41421140546e+000
  +1.17556872091e+000
  +9.07979628200e-001
  +6.18033058777e-001
  +3.12868460400e-001
  +2.44920903383e-016
  -3.12868460400e-001
  -6.18033058777e-001
  -9.07979628200e-001
  -1.17556872091e+000
  -1.41421140546e+000
  -1.61803150806e+000
  -1.78201030329e+000
  -1.90211009138e+000
  -1.97537361923e+000
  -1.99999689725e+000
  -1.97537361923e+000
  -1.90211009138e+000
  -1.78201030329e+000
  -1.61803150806e+000
  -1.41421140546e+000
  -1.17556872091e+000
  -9.07979628200e-001
  -6.18033058777e-001
  -3.12868460400e-001
  -4.89841806767e-016
  +3.12868460400e-001
  +6.18033058777e-001
  +9.07979628200e-001
  +1.17556872091e+000
  +1.41421140546e+000
  +1.61803150806e+000
  +1.78201030329e+000
  +1.90211009138e+000
  +1.97537361923e+000
  +1.99999689725e+000
  +1.97537361923e+000
  +1.90211009138e+000
  +1.78201030329e+000
  +1.61803150806e+000
  +1.41421140546e+000
  +1.17556872091e+000
  +9.07979628200e-001
  +6.18033058777e-001
  +3.12868460400e-001
  +7.34762710150e-016
  -3.12868460400e-001
  -6.18033058777e-001
  -9.07979628200e-001
  -1.17556872091e+000
  -1.41421140546e+000
  -1.61803150806e+000
  -1.78201030329e+000
  -1.90211009138e+000
  -1.97537361923e+000
  -1.99999689725e+000
  -1.97537361923e+000
  -1.90211009138e+000
  -1.78201030329e+000
  -1.61803150806e+000
  -1.41421140546e+000
  -1.17556872091e+000
  -9.07979628200e-001
  -6.18033058777e-001
  -3.12868460400e-001
  -9.79683613533e-016
  +3.12868460400e-001
  +6.18033058777e-001
  +9.07979628200e-001
  +1.17556872091e+000
  +1.41421140546e+000
  +1.61803150806e+000
  +1.78201030329e+000
  +1.90211009138e+000
  +1.97537361923e+000
  +1.99999689725e+000
  +1.97537361923e+000
  +1.90211009138e+000
  +1.78201030329e+000
  +1.61803150806e+000
  +1.41421140546e+000
  +1.17556872091e+000
  +9.07979628200e-001
  +6.18033058777e-001
  +3.12868460400e-001
  +1.22460451692e-015
  -3.12868460400e-001
  -6.18033058777e-001
  -9.07979628200e-001
  -1.17556872091e+000
  -1.41421140546e+000
  -1.61803150806e+000
  -1.78201030329e+000
  -1.90211009138e+000
  -1.97537361923e+000
  -1.99999689725e+000
  -1.97537361923e+000
  -1.90211009138e+000
  -1.78201030329e+000
  -1.61803150806e+000
  -1.41421140546e+000
  -1.17556872091e+000
  -9.07979628200e-001
  -6.18033058777e-001
  -3.12868460400e-001
  -1.46952542030e-015
  +3.12868460400e-001
  +6.18033058777e-001
  +9.07979628200e-001
  +1.17556872091e+000
  +1.41421140546e+000
  +1.61803150806e+000
  +1.78201030329e+000
  +1.90211009138e+000
  +1.97537361923e+000
  +1.99999689725e+000
  +1.97537361923e+000
  +1.90211009138e+000
  +1.78201030329e+000
  +1.61803150806e+000
  +1.41421140546e+000
  +1.17556872091e+000
  +9.07979628200e-001
  +6.18033058777e-001
  +3.12868460400e-001
  +1.71444632368e-015
  -3.12868460400e-001
  -6.18033058777e-001
  -9.07979628200e-001
  -1.17556872091e+000
  -1.41421140546e+000
  -1.61803150806e+000
  -1.78201030329e+000
  -1.90211009138e+000
  -1.97537361923e+000
  -1.99999689725e+000
  -1.97537361923e+000
  -1.90211009138e+000
  -1.78201030329e+000
  -1.61803150806e+000
  -1.41421140546e+000
  -1.17556872091e+000
  -9.07979628200e-001
  -6.18033058777e-001
  -3.12868460400e-001
  -1.95936722707e-015
  +3.12868460400e-001
  +6.18033058777e-001
  +9.07979628200e-001
  +1.17556872091e+000
  +1.41421140546e+000
  +1.61803150806e+000
  +1.78201030329e+000
  +1.90211009138e+000
  +1.97537361923e+000
  +1.99999689725e+000
  +1.97537361923e+000
  +1.90211009138e+000
  +1.78201030329e+000
  +1.61803150806e+000
  +1.41421140546e+000
  +1.17556872091e+000
  +9.07979628200e-001
  +6.18033058777e-001
  +3.12868460400e-001
  -4.90112856903e-015
  -3.12868460400e-001
  -6.18033058777e-001
  -9.07979628200e-001
  -1.17556872091e+000
  -1.41421140546e+000
  -1.61803150806e+000
  -1.78201030329e+000
  -1.90211009138e+000
  -1.97537361923e+000
  -1.99999689725e+000
  -1.97537361923e+000
  -1.90211009138e+000
  -1.78201030329e+000
  -1.61803150806e+000
  -1.41421140546e+000
  -1.17556872091e+000
  -9.07979628200e-001
  -6.18033058777e-001
  -3.12868460400e-001
  -2.44920903383e-015
</dep>
