<Qucs Dataset 0.0.18>
<indep time 106>
  +0.00000000000e+00
  +1.00000000000e-07
  +2.00000000000e-07
  +3.00000000000e-07
  +4.00000000000e-07
  +5.00000000000e-07
  +6.00000000000e-07
  +7.00000000000e-07
  +8.00000000000e-07
  +9.00000000000e-07
  +1.00000000000e-06
  +1.10000000000e-06
  +1.20000000000e-06
  +1.30000000000e-06
  +1.40000000000e-06
  +1.50000000000e-06
  +1.60000000000e-06
  +1.70000000000e-06
  +1.80000000000e-06
  +1.90000000000e-06
  +2.00000000000e-06
  +2.10000000000e-06
  +2.20000000000e-06
  +2.30000000000e-06
  +2.40000000000e-06
  +2.50000000000e-06
  +2.60000000000e-06
  +2.70000000000e-06
  +2.80000000000e-06
  +2.90000000000e-06
  +3.00000000000e-06
  +3.10000000000e-06
  +3.20000000000e-06
  +3.30000000000e-06
  +3.40000000000e-06
  +3.50000000000e-06
  +3.60000000000e-06
  +3.70000000000e-06
  +3.80000000000e-06
  +3.90000000000e-06
  +4.00000000000e-06
  +4.10000000000e-06
  +4.20000000000e-06
  +4.30000000000e-06
  +4.40000000000e-06
  +4.50000000000e-06
  +4.60000000000e-06
  +4.70000000000e-06
  +4.80000000000e-06
  +4.90000000000e-06
  +5.00000000000e-06
  +5.10000000000e-06
  +5.20000000000e-06
  +5.30000000000e-06
  +5.40000000000e-06
  +5.50000000000e-06
  +5.60000000000e-06
  +5.70000000000e-06
  +5.80000000000e-06
  +5.90000000000e-06
  +6.00000000000e-06
  +6.10000000000e-06
  +6.20000000000e-06
  +6.30000000000e-06
  +6.40000000000e-06
  +6.50000000000e-06
  +6.60000000000e-06
  +6.70000000000e-06
  +6.80000000000e-06
  +6.90000000000e-06
  +7.00000000000e-06
  +7.10000000000e-06
  +7.20000000000e-06
  +7.30000000000e-06
  +7.40000000000e-06
  +7.50000000000e-06
  +7.60000000000e-06
  +7.70000000000e-06
  +7.80000000000e-06
  +7.90000000000e-06
  +8.00000000000e-06
  +8.10000000000e-06
  +8.20000000000e-06
  +8.30000000000e-06
  +8.40000000000e-06
  +8.50000000000e-06
  +8.60000000000e-06
  +8.70000000000e-06
  +8.80000000000e-06
  +8.90000000000e-06
  +9.00000000000e-06
  +9.10000000000e-06
  +9.20000000000e-06
  +9.30000000000e-06
  +9.40000000000e-06
  +9.50000000000e-06
  +9.60000000000e-06
  +9.70000000000e-06
  +9.80000000000e-06
  +9.90000000000e-06
  +1.00000000000e-05
  +1.01000000000e-05
  +1.02000000000e-05
  +1.03000000000e-05
  +1.04000000000e-05
  +1.05000000000e-05
</indep>
<dep Pr9.Vt time>
  +3.40900799479e-05
  +3.40900799479e-05
  +3.40900799479e-05
  +3.40900799479e-05
  +3.40900799479e-05
  +3.40900799479e-05
  +3.40900799479e-05
  +3.40900799479e-05
  +3.40900799479e-05
  +3.40900799479e-05
  +3.40900799479e-05
  +3.40900799479e-05
  +3.40900799479e-05
  +3.40900799479e-05
  +3.40900799479e-05
  +3.40900799479e-05
  +3.40900799479e-05
  +3.40900799479e-05
  +3.40900799479e-05
  +3.40900799479e-05
  +3.40900799479e-05
  +3.40900799479e-05
  +3.40900799479e-05
  +3.40900799479e-05
  +3.40900799479e-05
  +3.40900799479e-05
  +3.40900799479e-05
  +3.40900799479e-05
  +3.40900799479e-05
  +3.40900799479e-05
  +3.40900799479e-05
  +3.40900799479e-05
  +3.40900799479e-05
  +3.40900799479e-05
  +3.40900799479e-05
  +3.40900799479e-05
  +3.40900799479e-05
  +3.40900799479e-05
  +3.40900799479e-05
  +3.40900799479e-05
  +3.40900799479e-05
  +3.40900799479e-05
  +3.40900799479e-05
  +3.40900799479e-05
  +3.40900799479e-05
  +3.40900799479e-05
  +3.40900799479e-05
  +3.40900799479e-05
  +3.40900799479e-05
  +3.40900799479e-05
  +3.40900799479e-05
  +3.40900799479e-05
  +3.40900799479e-05
  +3.40900799479e-05
  +3.40900799479e-05
  +3.40900799479e-05
  +3.40900799479e-05
  +3.40900799479e-05
  +3.40900799479e-05
  +3.40900799479e-05
  +3.40900799479e-05
  +3.40900799479e-05
  +3.40900799479e-05
  +3.40900799479e-05
  +3.40900799479e-05
  +3.40900799479e-05
  +3.40900799479e-05
  +3.40900799479e-05
  +3.40900799479e-05
  +3.40900799479e-05
  +3.40900799479e-05
  +3.40900799479e-05
  +3.40900799479e-05
  +3.40900799479e-05
  +3.40900799479e-05
  +3.40900799479e-05
  +3.40900799479e-05
  +3.40900799479e-05
  +3.40900799479e-05
  +3.40900799479e-05
  +3.40900799479e-05
  +3.40900799479e-05
  +3.40900799479e-05
  +3.40900799479e-05
  +3.40900799479e-05
  +3.40900799479e-05
  +3.40900799479e-05
  +3.40900799479e-05
  +3.40900799479e-05
  +3.40900799479e-05
  +3.40900799479e-05
  +3.40900799479e-05
  +3.40900799479e-05
  +3.40900799479e-05
  +3.40900799479e-05
  +3.40900799479e-05
  +3.40900799479e-05
  +3.40900799479e-05
  +3.40900799479e-05
  +3.40900799479e-05
  +3.40900799479e-05
  +3.40900799479e-05
  +3.40900799479e-05
  +3.40900799479e-05
  +3.40900799479e-05
  +3.40900799479e-05
</dep>
<dep Pr10.Vt time>
  +2.27407050064e-05
  +2.27407050064e-05
  +2.27407050064e-05
  +2.27407050064e-05
  +2.27407050064e-05
  +2.27407050064e-05
  +2.27407050064e-05
  +2.27407050064e-05
  +2.27407050064e-05
  +2.27407050064e-05
  +2.27407050064e-05
  +2.27407050064e-05
  +2.27407050064e-05
  +2.27407050064e-05
  +2.27407050064e-05
  +2.27407050064e-05
  +2.27407050064e-05
  +2.27407050064e-05
  +2.27407050064e-05
  +2.27407050064e-05
  +2.27407050064e-05
  +2.27407050064e-05
  +2.27407050064e-05
  +2.27407050064e-05
  +2.27407050064e-05
  +2.27407050064e-05
  +2.27407050064e-05
  +2.27407050064e-05
  +2.27407050064e-05
  +2.27407050064e-05
  +2.27407050064e-05
  +2.27407050064e-05
  +2.27407050064e-05
  +2.27407050064e-05
  +2.27407050064e-05
  +2.27407050064e-05
  +2.27407050064e-05
  +2.27407050064e-05
  +2.27407050064e-05
  +2.27407050064e-05
  +2.27407050064e-05
  +2.27407050064e-05
  +2.27407050064e-05
  +2.27407050064e-05
  +2.27407050064e-05
  +2.27407050064e-05
  +2.27407050064e-05
  +2.27407050064e-05
  +2.27407050064e-05
  +2.27407050064e-05
  +2.27407050064e-05
  +2.27407050064e-05
  +2.27407050064e-05
  +2.27407050064e-05
  +2.27407050064e-05
  +2.27407050064e-05
  +2.27407050064e-05
  +2.27407050064e-05
  +2.27407050064e-05
  +2.27407050064e-05
  +2.27407050064e-05
  +2.27407050064e-05
  +2.27407050064e-05
  +2.27407050064e-05
  +2.27407050064e-05
  +2.27407050064e-05
  +2.27407050064e-05
  +2.27407050064e-05
  +2.27407050064e-05
  +2.27407050064e-05
  +2.27407050064e-05
  +2.27407050064e-05
  +2.27407050064e-05
  +2.27407050064e-05
  +2.27407050064e-05
  +2.27407050064e-05
  +2.27407050064e-05
  +2.27407050064e-05
  +2.27407050064e-05
  +2.27407050064e-05
  +2.27407050064e-05
  +2.27407050064e-05
  +2.27407050064e-05
  +2.27407050064e-05
  +2.27407050064e-05
  +2.27407050064e-05
  +2.27407050064e-05
  +2.27407050064e-05
  +2.27407050064e-05
  +2.27407050064e-05
  +2.27407050064e-05
  +2.27407050064e-05
  +2.27407050064e-05
  +2.27407050064e-05
  +2.27407050064e-05
  +2.27407050064e-05
  +2.27407050064e-05
  +2.27407050064e-05
  +2.27407050064e-05
  +2.27407050064e-05
  +2.27407050064e-05
  +2.27407050064e-05
  +2.27407050064e-05
  +2.27407050064e-05
  +2.27407050064e-05
  +2.27407050064e-05
</dep>
<dep Pr11.Vt time>
  +9.99954602131e-01
  +9.99954602131e-01
  +9.99954602131e-01
  +9.99954602131e-01
  +9.99954602131e-01
  +9.99954602131e-01
  +9.99954602131e-01
  +9.99954602131e-01
  +9.99954602131e-01
  +9.99954602131e-01
  +9.99954602131e-01
  +9.99954602131e-01
  +9.99954602131e-01
  +9.99954602131e-01
  +9.99954602131e-01
  +9.99954602131e-01
  +9.99954602131e-01
  +9.99954602131e-01
  +9.99954602131e-01
  +9.99954602131e-01
  +9.99954602131e-01
  +9.99954602131e-01
  +9.99954602131e-01
  +9.99954602131e-01
  +9.99954602131e-01
  +9.99954602131e-01
  +9.99954602131e-01
  +9.99954602131e-01
  +9.99954602131e-01
  +9.99954602131e-01
  +9.99954602131e-01
  +9.99954602131e-01
  +9.99954602131e-01
  +9.99954602131e-01
  +9.99954602131e-01
  +9.99954602131e-01
  +9.99954602131e-01
  +9.99954602131e-01
  +9.99954602131e-01
  +9.99954602131e-01
  +9.99954602131e-01
  +9.99954602131e-01
  +9.99954602131e-01
  +9.99954602131e-01
  +9.99954602131e-01
  +9.99954602131e-01
  +9.99954602131e-01
  +9.99954602131e-01
  +9.99954602131e-01
  +9.99954602131e-01
  +9.99954602131e-01
  +9.99954602131e-01
  +9.99954602131e-01
  +9.99954602131e-01
  +9.99954602131e-01
  +9.99954602131e-01
  +9.99954602131e-01
  +9.99954602131e-01
  +9.99954602131e-01
  +9.99954602131e-01
  +9.99954602131e-01
  +9.99954602131e-01
  +9.99954602131e-01
  +9.99954602131e-01
  +9.99954602131e-01
  +9.99954602131e-01
  +9.99954602131e-01
  +9.99954602131e-01
  +9.99954602131e-01
  +9.99954602131e-01
  +9.99954602131e-01
  +9.99954602131e-01
  +9.99954602131e-01
  +9.99954602131e-01
  +9.99954602131e-01
  +9.99954602131e-01
  +9.99954602131e-01
  +9.99954602131e-01
  +9.99954602131e-01
  +9.99954602131e-01
  +9.99954602131e-01
  +9.99954602131e-01
  +9.99954602131e-01
  +9.99954602131e-01
  +9.99954602131e-01
  +9.99954602131e-01
  +9.99954602131e-01
  +9.99954602131e-01
  +9.99954602131e-01
  +9.99954602131e-01
  +9.99954602131e-01
  +9.99954602131e-01
  +9.99954602131e-01
  +9.99954602131e-01
  +9.99954602131e-01
  +9.99954602131e-01
  +9.99954602131e-01
  +9.99954602131e-01
  +9.99954602131e-01
  +9.99954602131e-01
  +9.99954602131e-01
  +9.99954602131e-01
  +9.99954602131e-01
  +9.99954602131e-01
  +9.99954602131e-01
  +9.99954602131e-01
</dep>
<dep Pr1.Vt time>
  +4.54460083307e-05
  +4.54460083307e-05
  +4.54460083307e-05
  +4.54460083307e-05
  +4.54460083307e-05
  +4.54460083307e-05
  +4.54460083307e-05
  +4.54460083307e-05
  +4.54460083307e-05
  +4.54460083307e-05
  +4.55217917421e-05
  +4.55217917421e-05
  +4.55217917421e-05
  +4.55217917421e-05
  +4.55217917421e-05
  +4.55217917421e-05
  +4.55217917421e-05
  +4.55217917421e-05
  +4.55217917421e-05
  +4.55217917421e-05
  +9.99931842820e-01
  +9.99931842820e-01
  +9.99931842820e-01
  +9.99931842820e-01
  +9.99931842820e-01
  +9.99931842820e-01
  +9.99931842820e-01
  +9.99931842820e-01
  +9.99931842820e-01
  +9.99931842820e-01
  +9.99931842806e-01
  +9.99931842806e-01
  +9.99931842806e-01
  +9.99931842806e-01
  +9.99931842806e-01
  +9.99931842806e-01
  +9.99931842806e-01
  +9.99931842806e-01
  +9.99931842806e-01
  +9.99931842806e-01
  +9.99931842834e-01
  +9.99931842834e-01
  +9.99931842834e-01
  +9.99931842834e-01
  +9.99931842834e-01
  +9.99931842834e-01
  +9.99931842834e-01
  +9.99931842834e-01
  +9.99931842834e-01
  +9.99931842834e-01
  +9.99931842834e-01
  +9.99931842834e-01
  +9.99931842834e-01
  +9.99931842834e-01
  +9.99931842834e-01
  +9.99931842834e-01
  +9.99931842834e-01
  +9.99931842834e-01
  +9.99931842834e-01
  +9.99931842834e-01
  +9.99931842834e-01
  +9.99931842834e-01
  +9.99931842834e-01
  +9.99931842834e-01
  +9.99931842834e-01
  +9.99931842834e-01
  +9.99931842834e-01
  +9.99931842834e-01
  +9.99931842834e-01
  +9.99931842834e-01
  +9.99931842834e-01
  +9.99931842834e-01
  +9.99931842834e-01
  +9.99931842834e-01
  +9.99931842834e-01
  +9.99931842834e-01
  +9.99931842834e-01
  +9.99931842834e-01
  +9.99931842834e-01
  +9.99931842834e-01
  +9.99931842834e-01
  +9.99931842834e-01
  +9.99931842834e-01
  +9.99931842834e-01
  +9.99931842834e-01
  +9.99931842834e-01
  +9.99931842834e-01
  +9.99931842834e-01
  +9.99931842834e-01
  +9.99931842834e-01
  +9.99931842834e-01
  +9.99931842834e-01
  +9.99931842834e-01
  +9.99931842834e-01
  +9.99931842834e-01
  +9.99931842834e-01
  +9.99931842834e-01
  +9.99931842834e-01
  +9.99931842834e-01
  +9.99931842834e-01
  +9.99931842834e-01
  +9.99931842834e-01
  +9.99931842834e-01
  +9.99931842834e-01
  +9.99931842834e-01
  +9.99931842834e-01
</dep>
<dep Pr2.Vt time>
  +4.54460083300e-05
  +4.54460083300e-05
  +4.54460083300e-05
  +4.54460083300e-05
  +4.54460083300e-05
  +4.54460083300e-05
  +4.54460083300e-05
  +4.54460083300e-05
  +4.54460083300e-05
  +4.54460083300e-05
  +4.55217917251e-05
  +4.55217917251e-05
  +4.55217917251e-05
  +4.55217917251e-05
  +4.55217917251e-05
  +4.55217917251e-05
  +4.55217917251e-05
  +4.55217917251e-05
  +4.55217917251e-05
  +4.55217917251e-05
  +4.55011252924e-05
  +4.55011252924e-05
  +4.55011252924e-05
  +4.55011252924e-05
  +4.55011252924e-05
  +4.55011252924e-05
  +4.55011252924e-05
  +4.55011252924e-05
  +4.55011252924e-05
  +4.55011252924e-05
  +4.55217917421e-05
  +4.55217917421e-05
  +4.55217917421e-05
  +4.55217917421e-05
  +4.55217917421e-05
  +4.55217917421e-05
  +4.55217917421e-05
  +4.55217917421e-05
  +4.55217917421e-05
  +4.55217917421e-05
  +9.99931842820e-01
  +9.99931842820e-01
  +9.99931842820e-01
  +9.99931842820e-01
  +9.99931842820e-01
  +9.99931842820e-01
  +9.99931842820e-01
  +9.99931842820e-01
  +9.99931842820e-01
  +9.99931842820e-01
  +9.99931842820e-01
  +9.99931842806e-01
  +9.99931842806e-01
  +9.99931842806e-01
  +9.99931842806e-01
  +9.99931842806e-01
  +9.99931842806e-01
  +9.99931842806e-01
  +9.99931842806e-01
  +9.99931842806e-01
  +9.99931842834e-01
  +9.99931842834e-01
  +9.99931842834e-01
  +9.99931842834e-01
  +9.99931842834e-01
  +9.99931842834e-01
  +9.99931842834e-01
  +9.99931842834e-01
  +9.99931842834e-01
  +9.99931842834e-01
  +9.99931842834e-01
  +9.99931842834e-01
  +9.99931842834e-01
  +9.99931842834e-01
  +9.99931842834e-01
  +9.99931842834e-01
  +9.99931842834e-01
  +9.99931842834e-01
  +9.99931842834e-01
  +9.99931842834e-01
  +9.99931842834e-01
  +9.99931842834e-01
  +9.99931842834e-01
  +9.99931842834e-01
  +9.99931842834e-01
  +9.99931842834e-01
  +9.99931842834e-01
  +9.99931842834e-01
  +9.99931842834e-01
  +9.99931842834e-01
  +9.99931842834e-01
  +9.99931842834e-01
  +9.99931842834e-01
  +9.99931842834e-01
  +9.99931842834e-01
  +9.99931842834e-01
  +9.99931842834e-01
  +9.99931842834e-01
  +9.99931842834e-01
  +9.99931842834e-01
  +9.99931842834e-01
  +9.99931842834e-01
  +9.99931842834e-01
  +9.99931842834e-01
  +9.99931842834e-01
  +9.99931842834e-01
</dep>
<dep Pr3.Vt time>
  +4.54460083300e-05
  +4.54460083300e-05
  +4.54460083300e-05
  +4.54460083300e-05
  +4.54460083300e-05
  +4.54460083300e-05
  +4.54460083300e-05
  +4.54460083300e-05
  +4.54460083300e-05
  +4.54460083300e-05
  +4.55217917251e-05
  +4.55217917251e-05
  +4.55217917251e-05
  +4.55217917251e-05
  +4.55217917251e-05
  +4.55217917251e-05
  +4.55217917251e-05
  +4.55217917251e-05
  +4.55217917251e-05
  +4.55217917251e-05
  +4.55011252882e-05
  +4.55011252882e-05
  +4.55011252882e-05
  +4.55011252882e-05
  +4.55011252882e-05
  +4.55011252882e-05
  +4.55011252882e-05
  +4.55011252882e-05
  +4.55011252882e-05
  +4.55011252882e-05
  +4.55217917251e-05
  +4.55217917251e-05
  +4.55217917251e-05
  +4.55217917251e-05
  +4.55217917251e-05
  +4.55217917251e-05
  +4.55217917251e-05
  +4.55217917251e-05
  +4.55217917251e-05
  +4.55217917251e-05
  +4.55011252924e-05
  +4.55011252924e-05
  +4.55011252924e-05
  +4.55011252924e-05
  +4.55011252924e-05
  +4.55011252924e-05
  +4.55011252924e-05
  +4.55011252924e-05
  +4.55011252924e-05
  +4.55011252924e-05
  +4.55011252924e-05
  +4.55217917421e-05
  +4.55217917421e-05
  +4.55217917421e-05
  +4.55217917421e-05
  +4.55217917421e-05
  +4.55217917421e-05
  +4.55217917421e-05
  +4.55217917421e-05
  +4.55217917421e-05
  +9.99931842820e-01
  +9.99931842820e-01
  +9.99931842820e-01
  +9.99931842820e-01
  +9.99931842820e-01
  +9.99931842820e-01
  +9.99931842820e-01
  +9.99931842820e-01
  +9.99931842820e-01
  +9.99931842820e-01
  +9.99931842820e-01
  +9.99931842806e-01
  +9.99931842806e-01
  +9.99931842806e-01
  +9.99931842806e-01
  +9.99931842806e-01
  +9.99931842806e-01
  +9.99931842806e-01
  +9.99931842806e-01
  +9.99931842806e-01
  +9.99931842834e-01
  +9.99931842834e-01
  +9.99931842834e-01
  +9.99931842834e-01
  +9.99931842834e-01
  +9.99931842834e-01
  +9.99931842834e-01
  +9.99931842834e-01
  +9.99931842834e-01
  +9.99931842834e-01
  +9.99931842834e-01
  +9.99931842834e-01
  +9.99931842834e-01
  +9.99931842834e-01
  +9.99931842834e-01
  +9.99931842834e-01
  +9.99931842834e-01
  +9.99931842834e-01
  +9.99931842834e-01
  +9.99931842834e-01
  +9.99931842834e-01
  +9.99931842834e-01
  +9.99931842834e-01
  +9.99931842834e-01
  +9.99931842834e-01
  +9.99931842834e-01
</dep>
<dep Pr4.Vt time>
  +4.54460083300e-05
  +4.54460083300e-05
  +4.54460083300e-05
  +4.54460083300e-05
  +4.54460083300e-05
  +4.54460083300e-05
  +4.54460083300e-05
  +4.54460083300e-05
  +4.54460083300e-05
  +4.54460083300e-05
  +4.55217917251e-05
  +4.55217917251e-05
  +4.55217917251e-05
  +4.55217917251e-05
  +4.55217917251e-05
  +4.55217917251e-05
  +4.55217917251e-05
  +4.55217917251e-05
  +4.55217917251e-05
  +4.55217917251e-05
  +4.55011252882e-05
  +4.55011252882e-05
  +4.55011252882e-05
  +4.55011252882e-05
  +4.55011252882e-05
  +4.55011252882e-05
  +4.55011252882e-05
  +4.55011252882e-05
  +4.55011252882e-05
  +4.55011252882e-05
  +4.55217917251e-05
  +4.55217917251e-05
  +4.55217917251e-05
  +4.55217917251e-05
  +4.55217917251e-05
  +4.55217917251e-05
  +4.55217917251e-05
  +4.55217917251e-05
  +4.55217917251e-05
  +4.55217917251e-05
  +4.55011252882e-05
  +4.55011252882e-05
  +4.55011252882e-05
  +4.55011252882e-05
  +4.55011252882e-05
  +4.55011252882e-05
  +4.55011252882e-05
  +4.55011252882e-05
  +4.55011252882e-05
  +4.55011252882e-05
  +4.55011252882e-05
  +4.55217917251e-05
  +4.55217917251e-05
  +4.55217917251e-05
  +4.55217917251e-05
  +4.55217917251e-05
  +4.55217917251e-05
  +4.55217917251e-05
  +4.55217917251e-05
  +4.55217917251e-05
  +4.55011252924e-05
  +4.55011252924e-05
  +4.55011252924e-05
  +4.55011252924e-05
  +4.55011252924e-05
  +4.55011252924e-05
  +4.55011252924e-05
  +4.55011252924e-05
  +4.55011252924e-05
  +4.55011252924e-05
  +4.55011252924e-05
  +4.55217917421e-05
  +4.55217917421e-05
  +4.55217917421e-05
  +4.55217917421e-05
  +4.55217917421e-05
  +4.55217917421e-05
  +4.55217917421e-05
  +4.55217917421e-05
  +4.55217917421e-05
  +9.99931842820e-01
  +9.99931842820e-01
  +9.99931842820e-01
  +9.99931842820e-01
  +9.99931842820e-01
  +9.99931842820e-01
  +9.99931842820e-01
  +9.99931842820e-01
  +9.99931842820e-01
  +9.99931842820e-01
  +9.99931842806e-01
  +9.99931842806e-01
  +9.99931842806e-01
  +9.99931842806e-01
  +9.99931842806e-01
  +9.99931842806e-01
  +9.99931842806e-01
  +9.99931842806e-01
  +9.99931842806e-01
  +9.99931842806e-01
  +9.99931842834e-01
  +9.99931842834e-01
  +9.99931842834e-01
  +9.99931842834e-01
  +9.99931842834e-01
  +9.99931842834e-01
</dep>
<dep Pr5.Vt time>
  -5.29946452897e-175
  +0.00000000000e+00
  +0.00000000000e+00
  +0.00000000000e+00
  +0.00000000000e+00
  +0.00000000000e+00
  +0.00000000000e+00
  +0.00000000000e+00
  +0.00000000000e+00
  +0.00000000000e+00
  +0.00000000000e+00
  +0.00000000000e+00
  +0.00000000000e+00
  +0.00000000000e+00
  +0.00000000000e+00
  +0.00000000000e+00
  +0.00000000000e+00
  +0.00000000000e+00
  +0.00000000000e+00
  +0.00000000000e+00
  +4.90195344897e-01
  +4.90195344897e-01
  +4.90195344897e-01
  +4.90195344897e-01
  +4.90195344897e-01
  +4.90195344897e-01
  +4.90195344897e-01
  +4.90195344897e-01
  +4.90195344897e-01
  +4.90195344897e-01
  +4.90195344897e-01
  +4.90195344897e-01
  +4.90195344897e-01
  +4.90195344897e-01
  +4.90195344897e-01
  +4.90195344897e-01
  +4.90195344897e-01
  +4.90195344897e-01
  +4.90195344897e-01
  +4.90195344897e-01
  +7.35292744368e-01
  +7.35292744368e-01
  +7.35292744368e-01
  +7.35292744368e-01
  +7.35292744368e-01
  +7.35292744368e-01
  +7.35292744368e-01
  +7.35292744368e-01
  +7.35292744368e-01
  +7.35292744368e-01
  +7.35292744368e-01
  +7.35292744368e-01
  +7.35292744368e-01
  +7.35292744368e-01
  +7.35292744368e-01
  +7.35292744368e-01
  +7.35292744368e-01
  +7.35292744368e-01
  +7.35292744368e-01
  +7.35292744368e-01
  +8.57841349215e-01
  +8.57841349215e-01
  +8.57841349215e-01
  +8.57841349215e-01
  +8.57841349215e-01
  +8.57841349215e-01
  +8.57841349215e-01
  +8.57841349215e-01
  +8.57841349215e-01
  +8.57841349215e-01
  +8.57841349215e-01
  +8.57841349215e-01
  +8.57841349215e-01
  +8.57841349215e-01
  +8.57841349215e-01
  +8.57841349215e-01
  +8.57841349215e-01
  +8.57841349215e-01
  +8.57841349215e-01
  +8.57841349215e-01
  +9.19115624542e-01
  +9.19115624542e-01
  +9.19115624542e-01
  +9.19115624542e-01
  +9.19115624542e-01
  +9.19115624542e-01
  +9.19115624542e-01
  +9.19115624542e-01
  +9.19115624542e-01
  +9.19115624542e-01
  +9.19115624542e-01
  +9.19115624542e-01
  +9.19115624542e-01
  +9.19115624542e-01
  +9.19115624542e-01
  +9.19115624542e-01
  +9.19115624542e-01
  +9.19115624542e-01
  +9.19115624542e-01
  +9.19115624542e-01
  +9.19115624542e-01
  +9.19115624542e-01
  +9.19115624542e-01
  +9.19115624542e-01
  +9.19115624542e-01
  +9.19115624542e-01
</dep>
<dep Pr6.Vt time>
  +1.49999939204e+01
  +1.49999939204e+01
  +1.49999939204e+01
  +1.49999939204e+01
  +1.49999939204e+01
  +1.49999939204e+01
  +1.49999939204e+01
  +1.49999939204e+01
  +1.49999939204e+01
  +1.49999939204e+01
  +1.49999939204e+01
  +1.49999939204e+01
  +1.49999939204e+01
  +1.49999939204e+01
  +1.49999939204e+01
  +1.49999939204e+01
  +1.49999939204e+01
  +1.49999939204e+01
  +1.49999939204e+01
  +1.49999939204e+01
  +1.49999937150e+01
  +1.49999937150e+01
  +1.49999937150e+01
  +1.49999937150e+01
  +1.49999937150e+01
  +1.49999937150e+01
  +1.49999937150e+01
  +1.49999937150e+01
  +1.49999937150e+01
  +1.49999937150e+01
  +1.49999937150e+01
  +1.49999937150e+01
  +1.49999937150e+01
  +1.49999937150e+01
  +1.49999937150e+01
  +1.49999937150e+01
  +1.49999937150e+01
  +1.49999937150e+01
  +1.49999937150e+01
  +1.49999937150e+01
  +1.49999936070e+01
  +1.49999936070e+01
  +1.49999936070e+01
  +1.49999936070e+01
  +1.49999936070e+01
  +1.49999936070e+01
  +1.49999936070e+01
  +1.49999936070e+01
  +1.49999936070e+01
  +1.49999936070e+01
  +1.49999936070e+01
  +1.49999936070e+01
  +1.49999936070e+01
  +1.49999936070e+01
  +1.49999936070e+01
  +1.49999936070e+01
  +1.49999936070e+01
  +1.49999936070e+01
  +1.49999936070e+01
  +1.49999936070e+01
  +1.49999935516e+01
  +1.49999935516e+01
  +1.49999935516e+01
  +1.49999935516e+01
  +1.49999935516e+01
  +1.49999935516e+01
  +1.49999935516e+01
  +1.49999935516e+01
  +1.49999935516e+01
  +1.49999935516e+01
  +1.49999935516e+01
  +1.49999935516e+01
  +1.49999935516e+01
  +1.49999935516e+01
  +1.49999935516e+01
  +1.49999935516e+01
  +1.49999935516e+01
  +1.49999935516e+01
  +1.49999935516e+01
  +1.49999935516e+01
  +1.49999935235e+01
  +1.49999935235e+01
  +1.49999935235e+01
  +1.49999935235e+01
  +1.49999935235e+01
  +1.49999935235e+01
  +1.49999935235e+01
  +1.49999935235e+01
  +1.49999935235e+01
  +1.49999935235e+01
  +1.49999935235e+01
  +1.49999935235e+01
  +1.49999935235e+01
  +1.49999935235e+01
  +1.49999935235e+01
  +1.49999935235e+01
  +1.49999935235e+01
  +1.49999935235e+01
  +1.49999935235e+01
  +1.49999935235e+01
  +1.49999935235e+01
  +1.49999935235e+01
  +1.49999935235e+01
  +1.49999935235e+01
  +1.49999935235e+01
  +1.49999935235e+01
</dep>
<dep Pr7.Vt time>
  +0.00000000000e+00
  +0.00000000000e+00
  +0.00000000000e+00
  +0.00000000000e+00
  +0.00000000000e+00
  +0.00000000000e+00
  +0.00000000000e+00
  +0.00000000000e+00
  +0.00000000000e+00
  +0.00000000000e+00
  +1.00000000000e+00
  +1.00000000000e+00
  +1.00000000000e+00
  +1.00000000000e+00
  +1.00000000000e+00
  +1.00000000000e+00
  +1.00000000000e+00
  +1.00000000000e+00
  +1.00000000000e+00
  +1.00000000000e+00
  +1.00000000000e+00
  +1.00000000000e+00
  +1.00000000000e+00
  +1.00000000000e+00
  +1.00000000000e+00
  +1.00000000000e+00
  +1.00000000000e+00
  +1.00000000000e+00
  +1.00000000000e+00
  +1.00000000000e+00
  +1.00000000000e+00
  +1.00000000000e+00
  +1.00000000000e+00
  +1.00000000000e+00
  +1.00000000000e+00
  +1.00000000000e+00
  +1.00000000000e+00
  +1.00000000000e+00
  +1.00000000000e+00
  +1.00000000000e+00
  +1.00000000000e+00
  +1.00000000000e+00
  +1.00000000000e+00
  +1.00000000000e+00
  +1.00000000000e+00
  +1.00000000000e+00
  +1.00000000000e+00
  +1.00000000000e+00
  +1.00000000000e+00
  +1.00000000000e+00
  +1.00000000000e+00
  +1.00000000000e+00
  +1.00000000000e+00
  +1.00000000000e+00
  +1.00000000000e+00
  +1.00000000000e+00
  +1.00000000000e+00
  +1.00000000000e+00
  +1.00000000000e+00
  +1.00000000000e+00
  +1.00000000000e+00
  +1.00000000000e+00
  +1.00000000000e+00
  +1.00000000000e+00
  +1.00000000000e+00
  +1.00000000000e+00
  +1.00000000000e+00
  +1.00000000000e+00
  +1.00000000000e+00
  +1.00000000000e+00
  +1.00000000000e+00
  +1.00000000000e+00
  +1.00000000000e+00
  +1.00000000000e+00
  +1.00000000000e+00
  +1.00000000000e+00
  +1.00000000000e+00
  +1.00000000000e+00
  +1.00000000000e+00
  +1.00000000000e+00
  +1.00000000000e+00
  +1.00000000000e+00
  +1.00000000000e+00
  +1.00000000000e+00
  +1.00000000000e+00
  +1.00000000000e+00
  +1.00000000000e+00
  +1.00000000000e+00
  +1.00000000000e+00
  +1.00000000000e+00
  +1.00000000000e+00
  +1.00000000000e+00
  +1.00000000000e+00
  +1.00000000000e+00
  +1.00000000000e+00
  +1.00000000000e+00
  +1.00000000000e+00
  +1.00000000000e+00
  +1.00000000000e+00
  +1.00000000000e+00
  +1.00000000000e+00
  +1.00000000000e+00
  +1.00000000000e+00
  +1.00000000000e+00
  +1.00000000000e+00
  +1.00000000000e+00
</dep>
<dep Pr8.Vt time>
  +1.00000000000e+00
  +1.00000000000e+00
  +1.00000000000e+00
  +1.00000000000e+00
  +1.00000000000e+00
  +1.00000000000e+00
  +1.00000000000e+00
  +1.00000000000e+00
  +1.00000000000e+00
  +1.00000000000e+00
  +0.00000000000e+00
  +0.00000000000e+00
  +0.00000000000e+00
  +0.00000000000e+00
  +0.00000000000e+00
  +0.00000000000e+00
  +0.00000000000e+00
  +0.00000000000e+00
  +0.00000000000e+00
  +0.00000000000e+00
  +1.00000000000e+00
  +1.00000000000e+00
  +1.00000000000e+00
  +1.00000000000e+00
  +1.00000000000e+00
  +1.00000000000e+00
  +1.00000000000e+00
  +1.00000000000e+00
  +1.00000000000e+00
  +1.00000000000e+00
  +0.00000000000e+00
  +0.00000000000e+00
  +0.00000000000e+00
  +0.00000000000e+00
  +0.00000000000e+00
  +0.00000000000e+00
  +0.00000000000e+00
  +0.00000000000e+00
  +0.00000000000e+00
  +0.00000000000e+00
  +1.00000000000e+00
  +1.00000000000e+00
  +1.00000000000e+00
  +1.00000000000e+00
  +1.00000000000e+00
  +1.00000000000e+00
  +1.00000000000e+00
  +1.00000000000e+00
  +1.00000000000e+00
  +1.00000000000e+00
  +1.00000000000e+00
  +0.00000000000e+00
  +0.00000000000e+00
  +0.00000000000e+00
  +0.00000000000e+00
  +0.00000000000e+00
  +0.00000000000e+00
  +0.00000000000e+00
  +0.00000000000e+00
  +0.00000000000e+00
  +1.00000000000e+00
  +1.00000000000e+00
  +1.00000000000e+00
  +1.00000000000e+00
  +1.00000000000e+00
  +1.00000000000e+00
  +1.00000000000e+00
  +1.00000000000e+00
  +1.00000000000e+00
  +1.00000000000e+00
  +1.00000000000e+00
  +0.00000000000e+00
  +0.00000000000e+00
  +0.00000000000e+00
  +0.00000000000e+00
  +0.00000000000e+00
  +0.00000000000e+00
  +0.00000000000e+00
  +0.00000000000e+00
  +0.00000000000e+00
  +1.00000000000e+00
  +1.00000000000e+00
  +1.00000000000e+00
  +1.00000000000e+00
  +1.00000000000e+00
  +1.00000000000e+00
  +1.00000000000e+00
  +1.00000000000e+00
  +1.00000000000e+00
  +1.00000000000e+00
  +0.00000000000e+00
  +0.00000000000e+00
  +0.00000000000e+00
  +0.00000000000e+00
  +0.00000000000e+00
  +0.00000000000e+00
  +0.00000000000e+00
  +0.00000000000e+00
  +0.00000000000e+00
  +0.00000000000e+00
  +1.00000000000e+00
  +1.00000000000e+00
  +1.00000000000e+00
  +1.00000000000e+00
  +1.00000000000e+00
  +1.00000000000e+00
</dep>
<dep Pr12.Vt time>
  +1.49990863245e+01
  +1.49990863245e+01
  +1.49990863245e+01
  +1.49990863245e+01
  +1.49990863245e+01
  +1.49990863245e+01
  +1.49990863245e+01
  +1.49990863245e+01
  +1.49990863245e+01
  +1.49990863245e+01
  +1.49990863245e+01
  +1.49990863245e+01
  +1.49990863245e+01
  +1.49990863245e+01
  +1.49990863245e+01
  +1.49990863245e+01
  +1.49990863245e+01
  +1.49990863245e+01
  +1.49990863245e+01
  +1.49990863245e+01
  +1.49990863245e+01
  +1.49990863245e+01
  +1.49990863245e+01
  +1.49990863245e+01
  +1.49990863245e+01
  +1.49990863245e+01
  +1.49990863245e+01
  +1.49990863245e+01
  +1.49990863245e+01
  +1.49990863245e+01
  +1.49990863245e+01
  +1.49990863245e+01
  +1.49990863245e+01
  +1.49990863245e+01
  +1.49990863245e+01
  +1.49990863245e+01
  +1.49990863245e+01
  +1.49990863245e+01
  +1.49990863245e+01
  +1.49990863245e+01
  +1.49990863245e+01
  +1.49990863245e+01
  +1.49990863245e+01
  +1.49990863245e+01
  +1.49990863245e+01
  +1.49990863245e+01
  +1.49990863245e+01
  +1.49990863245e+01
  +1.49990863245e+01
  +1.49990863245e+01
  +1.49990863245e+01
  +1.49990863245e+01
  +1.49990863245e+01
  +1.49990863245e+01
  +1.49990863245e+01
  +1.49990863245e+01
  +1.49990863245e+01
  +1.49990863245e+01
  +1.49990863245e+01
  +1.49990863245e+01
  +1.49990863245e+01
  +1.49990863245e+01
  +1.49990863245e+01
  +1.49990863245e+01
  +1.49990863245e+01
  +1.49990863245e+01
  +1.49990863245e+01
  +1.49990863245e+01
  +1.49990863245e+01
  +1.49990863245e+01
  +1.49990863245e+01
  +1.49990863245e+01
  +1.49990863245e+01
  +1.49990863245e+01
  +1.49990863245e+01
  +1.49990863245e+01
  +1.49990863245e+01
  +1.49990863245e+01
  +1.49990863245e+01
  +1.49990863245e+01
  +1.49990863245e+01
  +1.49990863245e+01
  +1.49990863245e+01
  +1.49990863245e+01
  +1.49990863245e+01
  +1.49990863245e+01
  +1.49990863245e+01
  +1.49990863245e+01
  +1.49990863245e+01
  +1.49990863245e+01
  +1.49990863245e+01
  +1.49990863245e+01
  +1.49990863245e+01
  +1.49990863245e+01
  +1.49990863245e+01
  +1.49990863245e+01
  +1.49990863245e+01
  +1.49990863245e+01
  +1.49990863245e+01
  +1.49990863245e+01
  +1.49990863245e+01
  +1.49990863245e+01
  +1.49990863245e+01
  +1.49990863245e+01
  +1.49990863245e+01
  +1.49990863245e+01
</dep>
<dep S3.It time>
  +0.00000000000e+00
  +0.00000000000e+00
  +0.00000000000e+00
  +0.00000000000e+00
  +0.00000000000e+00
  +0.00000000000e+00
  +0.00000000000e+00
  +0.00000000000e+00
  +0.00000000000e+00
  +0.00000000000e+00
  +0.00000000000e+00
  +0.00000000000e+00
  +0.00000000000e+00
  +0.00000000000e+00
  +0.00000000000e+00
  +0.00000000000e+00
  +0.00000000000e+00
  +0.00000000000e+00
  +0.00000000000e+00
  +0.00000000000e+00
  +0.00000000000e+00
  +0.00000000000e+00
  +0.00000000000e+00
  +0.00000000000e+00
  +0.00000000000e+00
  +0.00000000000e+00
  +0.00000000000e+00
  +0.00000000000e+00
  +0.00000000000e+00
  +0.00000000000e+00
  +0.00000000000e+00
  +0.00000000000e+00
  +0.00000000000e+00
  +0.00000000000e+00
  +0.00000000000e+00
  +0.00000000000e+00
  +0.00000000000e+00
  +0.00000000000e+00
  +0.00000000000e+00
  +0.00000000000e+00
  +0.00000000000e+00
  +0.00000000000e+00
  +0.00000000000e+00
  +0.00000000000e+00
  +0.00000000000e+00
  +0.00000000000e+00
  +0.00000000000e+00
  +0.00000000000e+00
  +0.00000000000e+00
  +0.00000000000e+00
  +0.00000000000e+00
  +0.00000000000e+00
  +0.00000000000e+00
  +0.00000000000e+00
  +0.00000000000e+00
  +0.00000000000e+00
  +0.00000000000e+00
  +0.00000000000e+00
  +0.00000000000e+00
  +0.00000000000e+00
  +0.00000000000e+00
  +0.00000000000e+00
  +0.00000000000e+00
  +0.00000000000e+00
  +0.00000000000e+00
  +0.00000000000e+00
  +0.00000000000e+00
  +0.00000000000e+00
  +0.00000000000e+00
  +0.00000000000e+00
  +0.00000000000e+00
  +0.00000000000e+00
  +0.00000000000e+00
  +0.00000000000e+00
  +0.00000000000e+00
  +0.00000000000e+00
  +0.00000000000e+00
  +0.00000000000e+00
  +0.00000000000e+00
  +0.00000000000e+00
  +0.00000000000e+00
  +0.00000000000e+00
  +0.00000000000e+00
  +0.00000000000e+00
  +0.00000000000e+00
  +0.00000000000e+00
  +0.00000000000e+00
  +0.00000000000e+00
  +0.00000000000e+00
  +0.00000000000e+00
  +0.00000000000e+00
  +0.00000000000e+00
  +0.00000000000e+00
  +0.00000000000e+00
  +0.00000000000e+00
  +0.00000000000e+00
  +0.00000000000e+00
  +0.00000000000e+00
  +0.00000000000e+00
  +0.00000000000e+00
  +0.00000000000e+00
  +0.00000000000e+00
  +0.00000000000e+00
  +0.00000000000e+00
  +0.00000000000e+00
  +0.00000000000e+00
</dep>
<dep S4.It time>
  +0.00000000000e+00
  +0.00000000000e+00
  +0.00000000000e+00
  +0.00000000000e+00
  +0.00000000000e+00
  +0.00000000000e+00
  +0.00000000000e+00
  +0.00000000000e+00
  +0.00000000000e+00
  +0.00000000000e+00
  +0.00000000000e+00
  +0.00000000000e+00
  +0.00000000000e+00
  +0.00000000000e+00
  +0.00000000000e+00
  +0.00000000000e+00
  +0.00000000000e+00
  +0.00000000000e+00
  +0.00000000000e+00
  +0.00000000000e+00
  +0.00000000000e+00
  +0.00000000000e+00
  +0.00000000000e+00
  +0.00000000000e+00
  +0.00000000000e+00
  +0.00000000000e+00
  +0.00000000000e+00
  +0.00000000000e+00
  +0.00000000000e+00
  +0.00000000000e+00
  +0.00000000000e+00
  +0.00000000000e+00
  +0.00000000000e+00
  +0.00000000000e+00
  +0.00000000000e+00
  +0.00000000000e+00
  +0.00000000000e+00
  +0.00000000000e+00
  +0.00000000000e+00
  +0.00000000000e+00
  +0.00000000000e+00
  +0.00000000000e+00
  +0.00000000000e+00
  +0.00000000000e+00
  +0.00000000000e+00
  +0.00000000000e+00
  +0.00000000000e+00
  +0.00000000000e+00
  +0.00000000000e+00
  +0.00000000000e+00
  +0.00000000000e+00
  +0.00000000000e+00
  +0.00000000000e+00
  +0.00000000000e+00
  +0.00000000000e+00
  +0.00000000000e+00
  +0.00000000000e+00
  +0.00000000000e+00
  +0.00000000000e+00
  +0.00000000000e+00
  +0.00000000000e+00
  +0.00000000000e+00
  +0.00000000000e+00
  +0.00000000000e+00
  +0.00000000000e+00
  +0.00000000000e+00
  +0.00000000000e+00
  +0.00000000000e+00
  +0.00000000000e+00
  +0.00000000000e+00
  +0.00000000000e+00
  +0.00000000000e+00
  +0.00000000000e+00
  +0.00000000000e+00
  +0.00000000000e+00
  +0.00000000000e+00
  +0.00000000000e+00
  +0.00000000000e+00
  +0.00000000000e+00
  +0.00000000000e+00
  +0.00000000000e+00
  +0.00000000000e+00
  +0.00000000000e+00
  +0.00000000000e+00
  +0.00000000000e+00
  +0.00000000000e+00
  +0.00000000000e+00
  +0.00000000000e+00
  +0.00000000000e+00
  +0.00000000000e+00
  +0.00000000000e+00
  +0.00000000000e+00
  +0.00000000000e+00
  +0.00000000000e+00
  +0.00000000000e+00
  +0.00000000000e+00
  +0.00000000000e+00
  +0.00000000000e+00
  +0.00000000000e+00
  +0.00000000000e+00
  +0.00000000000e+00
  +0.00000000000e+00
  +0.00000000000e+00
  +0.00000000000e+00
  +0.00000000000e+00
  +0.00000000000e+00
</dep>
<dep _net5.Vt time>
  -9.80392161673e-01
  -9.80392161673e-01
  -9.80392161673e-01
  -9.80392161673e-01
  -9.80392161673e-01
  -9.80392161673e-01
  -9.80392161673e-01
  -9.80392161673e-01
  -9.80392161673e-01
  -9.80392161673e-01
  -9.80392161673e-01
  -9.80392161673e-01
  -9.80392161673e-01
  -9.80392161673e-01
  -9.80392161673e-01
  -9.80392161673e-01
  -9.80392161673e-01
  -9.80392161673e-01
  -9.80392161673e-01
  -9.80392161673e-01
  -9.80392161673e-01
  -9.80392161673e-01
  -9.80392161673e-01
  -9.80392161673e-01
  -9.80392161673e-01
  -9.80392161673e-01
  -9.80392161673e-01
  -9.80392161673e-01
  -9.80392161673e-01
  -9.80392161673e-01
  -9.80392161673e-01
  -9.80392161673e-01
  -9.80392161673e-01
  -9.80392161673e-01
  -9.80392161673e-01
  -9.80392161673e-01
  -9.80392161673e-01
  -9.80392161673e-01
  -9.80392161673e-01
  -9.80392161673e-01
  -9.80392161673e-01
  -9.80392161673e-01
  -9.80392161673e-01
  -9.80392161673e-01
  -9.80392161673e-01
  -9.80392161673e-01
  -9.80392161673e-01
  -9.80392161673e-01
  -9.80392161673e-01
  -9.80392161673e-01
  -9.80392161673e-01
  -9.80392161673e-01
  -9.80392161673e-01
  -9.80392161673e-01
  -9.80392161673e-01
  -9.80392161673e-01
  -9.80392161673e-01
  -9.80392161673e-01
  -9.80392161673e-01
  -9.80392161673e-01
  -9.80392161673e-01
  -9.80392161673e-01
  -9.80392161673e-01
  -9.80392161673e-01
  -9.80392161673e-01
  -9.80392161673e-01
  -9.80392161673e-01
  -9.80392161673e-01
  -9.80392161673e-01
  -9.80392161673e-01
  -9.80392161673e-01
  -9.80392161673e-01
  -9.80392161673e-01
  -9.80392161673e-01
  -9.80392161673e-01
  -9.80392161673e-01
  -9.80392161673e-01
  -9.80392161673e-01
  -9.80392161673e-01
  -9.80392161673e-01
  -9.80392161673e-01
  -9.80392161673e-01
  -9.80392161673e-01
  -9.80392161673e-01
  -9.80392161673e-01
  -9.80392161673e-01
  -9.80392161673e-01
  -9.80392161673e-01
  -9.80392161673e-01
  -9.80392161673e-01
  -9.80392161673e-01
  -9.80392161673e-01
  -9.80392161673e-01
  -9.80392161673e-01
  -9.80392161673e-01
  -9.80392161673e-01
  -9.80392161673e-01
  -9.80392161673e-01
  -9.80392161673e-01
  -9.80392161673e-01
  -9.80392161673e-01
  -9.80392161673e-01
  -9.80392161673e-01
  -9.80392161673e-01
  -9.80392161673e-01
  -9.80392161673e-01
</dep>
<dep _net7.Vt time>
  +1.49990863245e+01
  +1.49990863245e+01
  +1.49990863245e+01
  +1.49990863245e+01
  +1.49990863245e+01
  +1.49990863245e+01
  +1.49990863245e+01
  +1.49990863245e+01
  +1.49990863245e+01
  +1.49990863245e+01
  +1.49990863245e+01
  +1.49990863245e+01
  +1.49990863245e+01
  +1.49990863245e+01
  +1.49990863245e+01
  +1.49990863245e+01
  +1.49990863245e+01
  +1.49990863245e+01
  +1.49990863245e+01
  +1.49990863245e+01
  +1.49990863245e+01
  +1.49990863245e+01
  +1.49990863245e+01
  +1.49990863245e+01
  +1.49990863245e+01
  +1.49990863245e+01
  +1.49990863245e+01
  +1.49990863245e+01
  +1.49990863245e+01
  +1.49990863245e+01
  +1.49990863245e+01
  +1.49990863245e+01
  +1.49990863245e+01
  +1.49990863245e+01
  +1.49990863245e+01
  +1.49990863245e+01
  +1.49990863245e+01
  +1.49990863245e+01
  +1.49990863245e+01
  +1.49990863245e+01
  +1.49990863245e+01
  +1.49990863245e+01
  +1.49990863245e+01
  +1.49990863245e+01
  +1.49990863245e+01
  +1.49990863245e+01
  +1.49990863245e+01
  +1.49990863245e+01
  +1.49990863245e+01
  +1.49990863245e+01
  +1.49990863245e+01
  +1.49990863245e+01
  +1.49990863245e+01
  +1.49990863245e+01
  +1.49990863245e+01
  +1.49990863245e+01
  +1.49990863245e+01
  +1.49990863245e+01
  +1.49990863245e+01
  +1.49990863245e+01
  +1.49990863245e+01
  +1.49990863245e+01
  +1.49990863245e+01
  +1.49990863245e+01
  +1.49990863245e+01
  +1.49990863245e+01
  +1.49990863245e+01
  +1.49990863245e+01
  +1.49990863245e+01
  +1.49990863245e+01
  +1.49990863245e+01
  +1.49990863245e+01
  +1.49990863245e+01
  +1.49990863245e+01
  +1.49990863245e+01
  +1.49990863245e+01
  +1.49990863245e+01
  +1.49990863245e+01
  +1.49990863245e+01
  +1.49990863245e+01
  +1.49990863245e+01
  +1.49990863245e+01
  +1.49990863245e+01
  +1.49990863245e+01
  +1.49990863245e+01
  +1.49990863245e+01
  +1.49990863245e+01
  +1.49990863245e+01
  +1.49990863245e+01
  +1.49990863245e+01
  +1.49990863245e+01
  +1.49990863245e+01
  +1.49990863245e+01
  +1.49990863245e+01
  +1.49990863245e+01
  +1.49990863245e+01
  +1.49990863245e+01
  +1.49990863245e+01
  +1.49990863245e+01
  +1.49990863245e+01
  +1.49990863245e+01
  +1.49990863245e+01
  +1.49990863245e+01
  +1.49990863245e+01
  +1.49990863245e+01
  +1.49990863245e+01
</dep>
<dep _net9.Vt time>
  +1.00000000000e+00
  +1.00000000000e+00
  +1.00000000000e+00
  +1.00000000000e+00
  +1.00000000000e+00
  +1.00000000000e+00
  +1.00000000000e+00
  +1.00000000000e+00
  +1.00000000000e+00
  +1.00000000000e+00
  +0.00000000000e+00
  +0.00000000000e+00
  +0.00000000000e+00
  +0.00000000000e+00
  +0.00000000000e+00
  +0.00000000000e+00
  +0.00000000000e+00
  +0.00000000000e+00
  +0.00000000000e+00
  +0.00000000000e+00
  +1.00000000000e+00
  +1.00000000000e+00
  +1.00000000000e+00
  +1.00000000000e+00
  +1.00000000000e+00
  +1.00000000000e+00
  +1.00000000000e+00
  +1.00000000000e+00
  +1.00000000000e+00
  +1.00000000000e+00
  +0.00000000000e+00
  +0.00000000000e+00
  +0.00000000000e+00
  +0.00000000000e+00
  +0.00000000000e+00
  +0.00000000000e+00
  +0.00000000000e+00
  +0.00000000000e+00
  +0.00000000000e+00
  +0.00000000000e+00
  +1.00000000000e+00
  +1.00000000000e+00
  +1.00000000000e+00
  +1.00000000000e+00
  +1.00000000000e+00
  +1.00000000000e+00
  +1.00000000000e+00
  +1.00000000000e+00
  +1.00000000000e+00
  +1.00000000000e+00
  +1.00000000000e+00
  +0.00000000000e+00
  +0.00000000000e+00
  +0.00000000000e+00
  +0.00000000000e+00
  +0.00000000000e+00
  +0.00000000000e+00
  +0.00000000000e+00
  +0.00000000000e+00
  +0.00000000000e+00
  +1.00000000000e+00
  +1.00000000000e+00
  +1.00000000000e+00
  +1.00000000000e+00
  +1.00000000000e+00
  +1.00000000000e+00
  +1.00000000000e+00
  +1.00000000000e+00
  +1.00000000000e+00
  +1.00000000000e+00
  +1.00000000000e+00
  +0.00000000000e+00
  +0.00000000000e+00
  +0.00000000000e+00
  +0.00000000000e+00
  +0.00000000000e+00
  +0.00000000000e+00
  +0.00000000000e+00
  +0.00000000000e+00
  +0.00000000000e+00
  +1.00000000000e+00
  +1.00000000000e+00
  +1.00000000000e+00
  +1.00000000000e+00
  +1.00000000000e+00
  +1.00000000000e+00
  +1.00000000000e+00
  +1.00000000000e+00
  +1.00000000000e+00
  +1.00000000000e+00
  +0.00000000000e+00
  +0.00000000000e+00
  +0.00000000000e+00
  +0.00000000000e+00
  +0.00000000000e+00
  +0.00000000000e+00
  +0.00000000000e+00
  +0.00000000000e+00
  +0.00000000000e+00
  +0.00000000000e+00
  +1.00000000000e+00
  +1.00000000000e+00
  +1.00000000000e+00
  +1.00000000000e+00
  +1.00000000000e+00
  +1.00000000000e+00
</dep>
<dep _net8.Vt time>
  +0.00000000000e+00
  +0.00000000000e+00
  +0.00000000000e+00
  +0.00000000000e+00
  +0.00000000000e+00
  +0.00000000000e+00
  +0.00000000000e+00
  +0.00000000000e+00
  +0.00000000000e+00
  +0.00000000000e+00
  +1.00000000000e+00
  +1.00000000000e+00
  +1.00000000000e+00
  +1.00000000000e+00
  +1.00000000000e+00
  +1.00000000000e+00
  +1.00000000000e+00
  +1.00000000000e+00
  +1.00000000000e+00
  +1.00000000000e+00
  +1.00000000000e+00
  +1.00000000000e+00
  +1.00000000000e+00
  +1.00000000000e+00
  +1.00000000000e+00
  +1.00000000000e+00
  +1.00000000000e+00
  +1.00000000000e+00
  +1.00000000000e+00
  +1.00000000000e+00
  +1.00000000000e+00
  +1.00000000000e+00
  +1.00000000000e+00
  +1.00000000000e+00
  +1.00000000000e+00
  +1.00000000000e+00
  +1.00000000000e+00
  +1.00000000000e+00
  +1.00000000000e+00
  +1.00000000000e+00
  +1.00000000000e+00
  +1.00000000000e+00
  +1.00000000000e+00
  +1.00000000000e+00
  +1.00000000000e+00
  +1.00000000000e+00
  +1.00000000000e+00
  +1.00000000000e+00
  +1.00000000000e+00
  +1.00000000000e+00
  +1.00000000000e+00
  +1.00000000000e+00
  +1.00000000000e+00
  +1.00000000000e+00
  +1.00000000000e+00
  +1.00000000000e+00
  +1.00000000000e+00
  +1.00000000000e+00
  +1.00000000000e+00
  +1.00000000000e+00
  +1.00000000000e+00
  +1.00000000000e+00
  +1.00000000000e+00
  +1.00000000000e+00
  +1.00000000000e+00
  +1.00000000000e+00
  +1.00000000000e+00
  +1.00000000000e+00
  +1.00000000000e+00
  +1.00000000000e+00
  +1.00000000000e+00
  +1.00000000000e+00
  +1.00000000000e+00
  +1.00000000000e+00
  +1.00000000000e+00
  +1.00000000000e+00
  +1.00000000000e+00
  +1.00000000000e+00
  +1.00000000000e+00
  +1.00000000000e+00
  +1.00000000000e+00
  +1.00000000000e+00
  +1.00000000000e+00
  +1.00000000000e+00
  +1.00000000000e+00
  +1.00000000000e+00
  +1.00000000000e+00
  +1.00000000000e+00
  +1.00000000000e+00
  +1.00000000000e+00
  +1.00000000000e+00
  +1.00000000000e+00
  +1.00000000000e+00
  +1.00000000000e+00
  +1.00000000000e+00
  +1.00000000000e+00
  +1.00000000000e+00
  +1.00000000000e+00
  +1.00000000000e+00
  +1.00000000000e+00
  +1.00000000000e+00
  +1.00000000000e+00
  +1.00000000000e+00
  +1.00000000000e+00
  +1.00000000000e+00
  +1.00000000000e+00
</dep>
<dep _net10.Vt time>
  +1.49999939204e+01
  +1.49999939204e+01
  +1.49999939204e+01
  +1.49999939204e+01
  +1.49999939204e+01
  +1.49999939204e+01
  +1.49999939204e+01
  +1.49999939204e+01
  +1.49999939204e+01
  +1.49999939204e+01
  +1.49999939204e+01
  +1.49999939204e+01
  +1.49999939204e+01
  +1.49999939204e+01
  +1.49999939204e+01
  +1.49999939204e+01
  +1.49999939204e+01
  +1.49999939204e+01
  +1.49999939204e+01
  +1.49999939204e+01
  +1.49999937150e+01
  +1.49999937150e+01
  +1.49999937150e+01
  +1.49999937150e+01
  +1.49999937150e+01
  +1.49999937150e+01
  +1.49999937150e+01
  +1.49999937150e+01
  +1.49999937150e+01
  +1.49999937150e+01
  +1.49999937150e+01
  +1.49999937150e+01
  +1.49999937150e+01
  +1.49999937150e+01
  +1.49999937150e+01
  +1.49999937150e+01
  +1.49999937150e+01
  +1.49999937150e+01
  +1.49999937150e+01
  +1.49999937150e+01
  +1.49999936070e+01
  +1.49999936070e+01
  +1.49999936070e+01
  +1.49999936070e+01
  +1.49999936070e+01
  +1.49999936070e+01
  +1.49999936070e+01
  +1.49999936070e+01
  +1.49999936070e+01
  +1.49999936070e+01
  +1.49999936070e+01
  +1.49999936070e+01
  +1.49999936070e+01
  +1.49999936070e+01
  +1.49999936070e+01
  +1.49999936070e+01
  +1.49999936070e+01
  +1.49999936070e+01
  +1.49999936070e+01
  +1.49999936070e+01
  +1.49999935516e+01
  +1.49999935516e+01
  +1.49999935516e+01
  +1.49999935516e+01
  +1.49999935516e+01
  +1.49999935516e+01
  +1.49999935516e+01
  +1.49999935516e+01
  +1.49999935516e+01
  +1.49999935516e+01
  +1.49999935516e+01
  +1.49999935516e+01
  +1.49999935516e+01
  +1.49999935516e+01
  +1.49999935516e+01
  +1.49999935516e+01
  +1.49999935516e+01
  +1.49999935516e+01
  +1.49999935516e+01
  +1.49999935516e+01
  +1.49999935235e+01
  +1.49999935235e+01
  +1.49999935235e+01
  +1.49999935235e+01
  +1.49999935235e+01
  +1.49999935235e+01
  +1.49999935235e+01
  +1.49999935235e+01
  +1.49999935235e+01
  +1.49999935235e+01
  +1.49999935235e+01
  +1.49999935235e+01
  +1.49999935235e+01
  +1.49999935235e+01
  +1.49999935235e+01
  +1.49999935235e+01
  +1.49999935235e+01
  +1.49999935235e+01
  +1.49999935235e+01
  +1.49999935235e+01
  +1.49999935235e+01
  +1.49999935235e+01
  +1.49999935235e+01
  +1.49999935235e+01
  +1.49999935235e+01
  +1.49999935235e+01
</dep>
<dep _net17.Vt time>
  -5.29946452897e-175
  +0.00000000000e+00
  +0.00000000000e+00
  +0.00000000000e+00
  +0.00000000000e+00
  +0.00000000000e+00
  +0.00000000000e+00
  +0.00000000000e+00
  +0.00000000000e+00
  +0.00000000000e+00
  +0.00000000000e+00
  +0.00000000000e+00
  +0.00000000000e+00
  +0.00000000000e+00
  +0.00000000000e+00
  +0.00000000000e+00
  +0.00000000000e+00
  +0.00000000000e+00
  +0.00000000000e+00
  +0.00000000000e+00
  +4.90195344897e-01
  +4.90195344897e-01
  +4.90195344897e-01
  +4.90195344897e-01
  +4.90195344897e-01
  +4.90195344897e-01
  +4.90195344897e-01
  +4.90195344897e-01
  +4.90195344897e-01
  +4.90195344897e-01
  +4.90195344897e-01
  +4.90195344897e-01
  +4.90195344897e-01
  +4.90195344897e-01
  +4.90195344897e-01
  +4.90195344897e-01
  +4.90195344897e-01
  +4.90195344897e-01
  +4.90195344897e-01
  +4.90195344897e-01
  +7.35292744368e-01
  +7.35292744368e-01
  +7.35292744368e-01
  +7.35292744368e-01
  +7.35292744368e-01
  +7.35292744368e-01
  +7.35292744368e-01
  +7.35292744368e-01
  +7.35292744368e-01
  +7.35292744368e-01
  +7.35292744368e-01
  +7.35292744368e-01
  +7.35292744368e-01
  +7.35292744368e-01
  +7.35292744368e-01
  +7.35292744368e-01
  +7.35292744368e-01
  +7.35292744368e-01
  +7.35292744368e-01
  +7.35292744368e-01
  +8.57841349215e-01
  +8.57841349215e-01
  +8.57841349215e-01
  +8.57841349215e-01
  +8.57841349215e-01
  +8.57841349215e-01
  +8.57841349215e-01
  +8.57841349215e-01
  +8.57841349215e-01
  +8.57841349215e-01
  +8.57841349215e-01
  +8.57841349215e-01
  +8.57841349215e-01
  +8.57841349215e-01
  +8.57841349215e-01
  +8.57841349215e-01
  +8.57841349215e-01
  +8.57841349215e-01
  +8.57841349215e-01
  +8.57841349215e-01
  +9.19115624542e-01
  +9.19115624542e-01
  +9.19115624542e-01
  +9.19115624542e-01
  +9.19115624542e-01
  +9.19115624542e-01
  +9.19115624542e-01
  +9.19115624542e-01
  +9.19115624542e-01
  +9.19115624542e-01
  +9.19115624542e-01
  +9.19115624542e-01
  +9.19115624542e-01
  +9.19115624542e-01
  +9.19115624542e-01
  +9.19115624542e-01
  +9.19115624542e-01
  +9.19115624542e-01
  +9.19115624542e-01
  +9.19115624542e-01
  +9.19115624542e-01
  +9.19115624542e-01
  +9.19115624542e-01
  +9.19115624542e-01
  +9.19115624542e-01
  +9.19115624542e-01
</dep>
<dep _net12.Vt time>
  +4.54460083300e-05
  +4.54460083300e-05
  +4.54460083300e-05
  +4.54460083300e-05
  +4.54460083300e-05
  +4.54460083300e-05
  +4.54460083300e-05
  +4.54460083300e-05
  +4.54460083300e-05
  +4.54460083300e-05
  +4.55217917251e-05
  +4.55217917251e-05
  +4.55217917251e-05
  +4.55217917251e-05
  +4.55217917251e-05
  +4.55217917251e-05
  +4.55217917251e-05
  +4.55217917251e-05
  +4.55217917251e-05
  +4.55217917251e-05
  +4.55011252882e-05
  +4.55011252882e-05
  +4.55011252882e-05
  +4.55011252882e-05
  +4.55011252882e-05
  +4.55011252882e-05
  +4.55011252882e-05
  +4.55011252882e-05
  +4.55011252882e-05
  +4.55011252882e-05
  +4.55217917251e-05
  +4.55217917251e-05
  +4.55217917251e-05
  +4.55217917251e-05
  +4.55217917251e-05
  +4.55217917251e-05
  +4.55217917251e-05
  +4.55217917251e-05
  +4.55217917251e-05
  +4.55217917251e-05
  +4.55011252882e-05
  +4.55011252882e-05
  +4.55011252882e-05
  +4.55011252882e-05
  +4.55011252882e-05
  +4.55011252882e-05
  +4.55011252882e-05
  +4.55011252882e-05
  +4.55011252882e-05
  +4.55011252882e-05
  +4.55011252882e-05
  +4.55217917251e-05
  +4.55217917251e-05
  +4.55217917251e-05
  +4.55217917251e-05
  +4.55217917251e-05
  +4.55217917251e-05
  +4.55217917251e-05
  +4.55217917251e-05
  +4.55217917251e-05
  +4.55011252924e-05
  +4.55011252924e-05
  +4.55011252924e-05
  +4.55011252924e-05
  +4.55011252924e-05
  +4.55011252924e-05
  +4.55011252924e-05
  +4.55011252924e-05
  +4.55011252924e-05
  +4.55011252924e-05
  +4.55011252924e-05
  +4.55217917421e-05
  +4.55217917421e-05
  +4.55217917421e-05
  +4.55217917421e-05
  +4.55217917421e-05
  +4.55217917421e-05
  +4.55217917421e-05
  +4.55217917421e-05
  +4.55217917421e-05
  +9.99931842820e-01
  +9.99931842820e-01
  +9.99931842820e-01
  +9.99931842820e-01
  +9.99931842820e-01
  +9.99931842820e-01
  +9.99931842820e-01
  +9.99931842820e-01
  +9.99931842820e-01
  +9.99931842820e-01
  +9.99931842806e-01
  +9.99931842806e-01
  +9.99931842806e-01
  +9.99931842806e-01
  +9.99931842806e-01
  +9.99931842806e-01
  +9.99931842806e-01
  +9.99931842806e-01
  +9.99931842806e-01
  +9.99931842806e-01
  +9.99931842834e-01
  +9.99931842834e-01
  +9.99931842834e-01
  +9.99931842834e-01
  +9.99931842834e-01
  +9.99931842834e-01
</dep>
<dep _net13.Vt time>
  +4.54460083300e-05
  +4.54460083300e-05
  +4.54460083300e-05
  +4.54460083300e-05
  +4.54460083300e-05
  +4.54460083300e-05
  +4.54460083300e-05
  +4.54460083300e-05
  +4.54460083300e-05
  +4.54460083300e-05
  +4.55217917251e-05
  +4.55217917251e-05
  +4.55217917251e-05
  +4.55217917251e-05
  +4.55217917251e-05
  +4.55217917251e-05
  +4.55217917251e-05
  +4.55217917251e-05
  +4.55217917251e-05
  +4.55217917251e-05
  +4.55011252882e-05
  +4.55011252882e-05
  +4.55011252882e-05
  +4.55011252882e-05
  +4.55011252882e-05
  +4.55011252882e-05
  +4.55011252882e-05
  +4.55011252882e-05
  +4.55011252882e-05
  +4.55011252882e-05
  +4.55217917251e-05
  +4.55217917251e-05
  +4.55217917251e-05
  +4.55217917251e-05
  +4.55217917251e-05
  +4.55217917251e-05
  +4.55217917251e-05
  +4.55217917251e-05
  +4.55217917251e-05
  +4.55217917251e-05
  +4.55011252924e-05
  +4.55011252924e-05
  +4.55011252924e-05
  +4.55011252924e-05
  +4.55011252924e-05
  +4.55011252924e-05
  +4.55011252924e-05
  +4.55011252924e-05
  +4.55011252924e-05
  +4.55011252924e-05
  +4.55011252924e-05
  +4.55217917421e-05
  +4.55217917421e-05
  +4.55217917421e-05
  +4.55217917421e-05
  +4.55217917421e-05
  +4.55217917421e-05
  +4.55217917421e-05
  +4.55217917421e-05
  +4.55217917421e-05
  +9.99931842820e-01
  +9.99931842820e-01
  +9.99931842820e-01
  +9.99931842820e-01
  +9.99931842820e-01
  +9.99931842820e-01
  +9.99931842820e-01
  +9.99931842820e-01
  +9.99931842820e-01
  +9.99931842820e-01
  +9.99931842820e-01
  +9.99931842806e-01
  +9.99931842806e-01
  +9.99931842806e-01
  +9.99931842806e-01
  +9.99931842806e-01
  +9.99931842806e-01
  +9.99931842806e-01
  +9.99931842806e-01
  +9.99931842806e-01
  +9.99931842834e-01
  +9.99931842834e-01
  +9.99931842834e-01
  +9.99931842834e-01
  +9.99931842834e-01
  +9.99931842834e-01
  +9.99931842834e-01
  +9.99931842834e-01
  +9.99931842834e-01
  +9.99931842834e-01
  +9.99931842834e-01
  +9.99931842834e-01
  +9.99931842834e-01
  +9.99931842834e-01
  +9.99931842834e-01
  +9.99931842834e-01
  +9.99931842834e-01
  +9.99931842834e-01
  +9.99931842834e-01
  +9.99931842834e-01
  +9.99931842834e-01
  +9.99931842834e-01
  +9.99931842834e-01
  +9.99931842834e-01
  +9.99931842834e-01
  +9.99931842834e-01
</dep>
<dep _net14.Vt time>
  +4.54460083300e-05
  +4.54460083300e-05
  +4.54460083300e-05
  +4.54460083300e-05
  +4.54460083300e-05
  +4.54460083300e-05
  +4.54460083300e-05
  +4.54460083300e-05
  +4.54460083300e-05
  +4.54460083300e-05
  +4.55217917251e-05
  +4.55217917251e-05
  +4.55217917251e-05
  +4.55217917251e-05
  +4.55217917251e-05
  +4.55217917251e-05
  +4.55217917251e-05
  +4.55217917251e-05
  +4.55217917251e-05
  +4.55217917251e-05
  +4.55011252924e-05
  +4.55011252924e-05
  +4.55011252924e-05
  +4.55011252924e-05
  +4.55011252924e-05
  +4.55011252924e-05
  +4.55011252924e-05
  +4.55011252924e-05
  +4.55011252924e-05
  +4.55011252924e-05
  +4.55217917421e-05
  +4.55217917421e-05
  +4.55217917421e-05
  +4.55217917421e-05
  +4.55217917421e-05
  +4.55217917421e-05
  +4.55217917421e-05
  +4.55217917421e-05
  +4.55217917421e-05
  +4.55217917421e-05
  +9.99931842820e-01
  +9.99931842820e-01
  +9.99931842820e-01
  +9.99931842820e-01
  +9.99931842820e-01
  +9.99931842820e-01
  +9.99931842820e-01
  +9.99931842820e-01
  +9.99931842820e-01
  +9.99931842820e-01
  +9.99931842820e-01
  +9.99931842806e-01
  +9.99931842806e-01
  +9.99931842806e-01
  +9.99931842806e-01
  +9.99931842806e-01
  +9.99931842806e-01
  +9.99931842806e-01
  +9.99931842806e-01
  +9.99931842806e-01
  +9.99931842834e-01
  +9.99931842834e-01
  +9.99931842834e-01
  +9.99931842834e-01
  +9.99931842834e-01
  +9.99931842834e-01
  +9.99931842834e-01
  +9.99931842834e-01
  +9.99931842834e-01
  +9.99931842834e-01
  +9.99931842834e-01
  +9.99931842834e-01
  +9.99931842834e-01
  +9.99931842834e-01
  +9.99931842834e-01
  +9.99931842834e-01
  +9.99931842834e-01
  +9.99931842834e-01
  +9.99931842834e-01
  +9.99931842834e-01
  +9.99931842834e-01
  +9.99931842834e-01
  +9.99931842834e-01
  +9.99931842834e-01
  +9.99931842834e-01
  +9.99931842834e-01
  +9.99931842834e-01
  +9.99931842834e-01
  +9.99931842834e-01
  +9.99931842834e-01
  +9.99931842834e-01
  +9.99931842834e-01
  +9.99931842834e-01
  +9.99931842834e-01
  +9.99931842834e-01
  +9.99931842834e-01
  +9.99931842834e-01
  +9.99931842834e-01
  +9.99931842834e-01
  +9.99931842834e-01
  +9.99931842834e-01
  +9.99931842834e-01
  +9.99931842834e-01
  +9.99931842834e-01
  +9.99931842834e-01
  +9.99931842834e-01
</dep>
<dep _net15.Vt time>
  +4.54460083307e-05
  +4.54460083307e-05
  +4.54460083307e-05
  +4.54460083307e-05
  +4.54460083307e-05
  +4.54460083307e-05
  +4.54460083307e-05
  +4.54460083307e-05
  +4.54460083307e-05
  +4.54460083307e-05
  +4.55217917421e-05
  +4.55217917421e-05
  +4.55217917421e-05
  +4.55217917421e-05
  +4.55217917421e-05
  +4.55217917421e-05
  +4.55217917421e-05
  +4.55217917421e-05
  +4.55217917421e-05
  +4.55217917421e-05
  +9.99931842820e-01
  +9.99931842820e-01
  +9.99931842820e-01
  +9.99931842820e-01
  +9.99931842820e-01
  +9.99931842820e-01
  +9.99931842820e-01
  +9.99931842820e-01
  +9.99931842820e-01
  +9.99931842820e-01
  +9.99931842806e-01
  +9.99931842806e-01
  +9.99931842806e-01
  +9.99931842806e-01
  +9.99931842806e-01
  +9.99931842806e-01
  +9.99931842806e-01
  +9.99931842806e-01
  +9.99931842806e-01
  +9.99931842806e-01
  +9.99931842834e-01
  +9.99931842834e-01
  +9.99931842834e-01
  +9.99931842834e-01
  +9.99931842834e-01
  +9.99931842834e-01
  +9.99931842834e-01
  +9.99931842834e-01
  +9.99931842834e-01
  +9.99931842834e-01
  +9.99931842834e-01
  +9.99931842834e-01
  +9.99931842834e-01
  +9.99931842834e-01
  +9.99931842834e-01
  +9.99931842834e-01
  +9.99931842834e-01
  +9.99931842834e-01
  +9.99931842834e-01
  +9.99931842834e-01
  +9.99931842834e-01
  +9.99931842834e-01
  +9.99931842834e-01
  +9.99931842834e-01
  +9.99931842834e-01
  +9.99931842834e-01
  +9.99931842834e-01
  +9.99931842834e-01
  +9.99931842834e-01
  +9.99931842834e-01
  +9.99931842834e-01
  +9.99931842834e-01
  +9.99931842834e-01
  +9.99931842834e-01
  +9.99931842834e-01
  +9.99931842834e-01
  +9.99931842834e-01
  +9.99931842834e-01
  +9.99931842834e-01
  +9.99931842834e-01
  +9.99931842834e-01
  +9.99931842834e-01
  +9.99931842834e-01
  +9.99931842834e-01
  +9.99931842834e-01
  +9.99931842834e-01
  +9.99931842834e-01
  +9.99931842834e-01
  +9.99931842834e-01
  +9.99931842834e-01
  +9.99931842834e-01
  +9.99931842834e-01
  +9.99931842834e-01
  +9.99931842834e-01
  +9.99931842834e-01
  +9.99931842834e-01
  +9.99931842834e-01
  +9.99931842834e-01
  +9.99931842834e-01
  +9.99931842834e-01
  +9.99931842834e-01
  +9.99931842834e-01
  +9.99931842834e-01
  +9.99931842834e-01
  +9.99931842834e-01
  +9.99931842834e-01
</dep>
<dep _net16.Vt time>
  -9.80392156863e-01
  -9.80392156863e-01
  -9.80392156863e-01
  -9.80392156863e-01
  -9.80392156863e-01
  -9.80392156863e-01
  -9.80392156863e-01
  -9.80392156863e-01
  -9.80392156863e-01
  -9.80392156863e-01
  -9.80392156863e-01
  -9.80392156863e-01
  -9.80392156863e-01
  -9.80392156863e-01
  -9.80392156863e-01
  -9.80392156863e-01
  -9.80392156863e-01
  -9.80392156863e-01
  -9.80392156863e-01
  -9.80392156863e-01
  -9.80392161673e-01
  -9.80392161673e-01
  -9.80392161673e-01
  -9.80392161673e-01
  -9.80392161673e-01
  -9.80392161673e-01
  -9.80392161673e-01
  -9.80392161673e-01
  -9.80392161673e-01
  -9.80392161673e-01
  -9.80392161673e-01
  -9.80392161673e-01
  -9.80392161673e-01
  -9.80392161673e-01
  -9.80392161673e-01
  -9.80392161673e-01
  -9.80392161673e-01
  -9.80392161673e-01
  -9.80392161673e-01
  -9.80392161673e-01
  -9.80392167697e-01
  -9.80392167697e-01
  -9.80392167697e-01
  -9.80392167697e-01
  -9.80392167697e-01
  -9.80392167697e-01
  -9.80392167697e-01
  -9.80392167697e-01
  -9.80392167697e-01
  -9.80392167697e-01
  -9.80392167697e-01
  -9.80392167697e-01
  -9.80392167697e-01
  -9.80392167697e-01
  -9.80392167697e-01
  -9.80392167697e-01
  -9.80392167697e-01
  -9.80392167697e-01
  -9.80392167697e-01
  -9.80392167697e-01
  -9.80392171620e-01
  -9.80392171620e-01
  -9.80392171620e-01
  -9.80392171620e-01
  -9.80392171620e-01
  -9.80392171620e-01
  -9.80392171620e-01
  -9.80392171620e-01
  -9.80392171620e-01
  -9.80392171620e-01
  -9.80392171620e-01
  -9.80392171620e-01
  -9.80392171620e-01
  -9.80392171620e-01
  -9.80392171620e-01
  -9.80392171620e-01
  -9.80392171620e-01
  -9.80392171620e-01
  -9.80392171620e-01
  -9.80392171620e-01
  -9.80392173811e-01
  -9.80392173811e-01
  -9.80392173811e-01
  -9.80392173811e-01
  -9.80392173811e-01
  -9.80392173811e-01
  -9.80392173811e-01
  -9.80392173811e-01
  -9.80392173811e-01
  -9.80392173811e-01
  -9.80392173811e-01
  -9.80392173811e-01
  -9.80392173811e-01
  -9.80392173811e-01
  -9.80392173811e-01
  -9.80392173811e-01
  -9.80392173811e-01
  -9.80392173811e-01
  -9.80392173811e-01
  -9.80392173811e-01
  -9.80392173811e-01
  -9.80392173811e-01
  -9.80392173811e-01
  -9.80392173811e-01
  -9.80392173811e-01
  -9.80392173811e-01
</dep>
<dep _net4.Vt time>
  +9.99954602131e-01
  +9.99954602131e-01
  +9.99954602131e-01
  +9.99954602131e-01
  +9.99954602131e-01
  +9.99954602131e-01
  +9.99954602131e-01
  +9.99954602131e-01
  +9.99954602131e-01
  +9.99954602131e-01
  +9.99954602131e-01
  +9.99954602131e-01
  +9.99954602131e-01
  +9.99954602131e-01
  +9.99954602131e-01
  +9.99954602131e-01
  +9.99954602131e-01
  +9.99954602131e-01
  +9.99954602131e-01
  +9.99954602131e-01
  +9.99954602131e-01
  +9.99954602131e-01
  +9.99954602131e-01
  +9.99954602131e-01
  +9.99954602131e-01
  +9.99954602131e-01
  +9.99954602131e-01
  +9.99954602131e-01
  +9.99954602131e-01
  +9.99954602131e-01
  +9.99954602131e-01
  +9.99954602131e-01
  +9.99954602131e-01
  +9.99954602131e-01
  +9.99954602131e-01
  +9.99954602131e-01
  +9.99954602131e-01
  +9.99954602131e-01
  +9.99954602131e-01
  +9.99954602131e-01
  +9.99954602131e-01
  +9.99954602131e-01
  +9.99954602131e-01
  +9.99954602131e-01
  +9.99954602131e-01
  +9.99954602131e-01
  +9.99954602131e-01
  +9.99954602131e-01
  +9.99954602131e-01
  +9.99954602131e-01
  +9.99954602131e-01
  +9.99954602131e-01
  +9.99954602131e-01
  +9.99954602131e-01
  +9.99954602131e-01
  +9.99954602131e-01
  +9.99954602131e-01
  +9.99954602131e-01
  +9.99954602131e-01
  +9.99954602131e-01
  +9.99954602131e-01
  +9.99954602131e-01
  +9.99954602131e-01
  +9.99954602131e-01
  +9.99954602131e-01
  +9.99954602131e-01
  +9.99954602131e-01
  +9.99954602131e-01
  +9.99954602131e-01
  +9.99954602131e-01
  +9.99954602131e-01
  +9.99954602131e-01
  +9.99954602131e-01
  +9.99954602131e-01
  +9.99954602131e-01
  +9.99954602131e-01
  +9.99954602131e-01
  +9.99954602131e-01
  +9.99954602131e-01
  +9.99954602131e-01
  +9.99954602131e-01
  +9.99954602131e-01
  +9.99954602131e-01
  +9.99954602131e-01
  +9.99954602131e-01
  +9.99954602131e-01
  +9.99954602131e-01
  +9.99954602131e-01
  +9.99954602131e-01
  +9.99954602131e-01
  +9.99954602131e-01
  +9.99954602131e-01
  +9.99954602131e-01
  +9.99954602131e-01
  +9.99954602131e-01
  +9.99954602131e-01
  +9.99954602131e-01
  +9.99954602131e-01
  +9.99954602131e-01
  +9.99954602131e-01
  +9.99954602131e-01
  +9.99954602131e-01
  +9.99954602131e-01
  +9.99954602131e-01
  +9.99954602131e-01
  +9.99954602131e-01
</dep>
<dep _net3.Vt time>
  +2.27407050064e-05
  +2.27407050064e-05
  +2.27407050064e-05
  +2.27407050064e-05
  +2.27407050064e-05
  +2.27407050064e-05
  +2.27407050064e-05
  +2.27407050064e-05
  +2.27407050064e-05
  +2.27407050064e-05
  +2.27407050064e-05
  +2.27407050064e-05
  +2.27407050064e-05
  +2.27407050064e-05
  +2.27407050064e-05
  +2.27407050064e-05
  +2.27407050064e-05
  +2.27407050064e-05
  +2.27407050064e-05
  +2.27407050064e-05
  +2.27407050064e-05
  +2.27407050064e-05
  +2.27407050064e-05
  +2.27407050064e-05
  +2.27407050064e-05
  +2.27407050064e-05
  +2.27407050064e-05
  +2.27407050064e-05
  +2.27407050064e-05
  +2.27407050064e-05
  +2.27407050064e-05
  +2.27407050064e-05
  +2.27407050064e-05
  +2.27407050064e-05
  +2.27407050064e-05
  +2.27407050064e-05
  +2.27407050064e-05
  +2.27407050064e-05
  +2.27407050064e-05
  +2.27407050064e-05
  +2.27407050064e-05
  +2.27407050064e-05
  +2.27407050064e-05
  +2.27407050064e-05
  +2.27407050064e-05
  +2.27407050064e-05
  +2.27407050064e-05
  +2.27407050064e-05
  +2.27407050064e-05
  +2.27407050064e-05
  +2.27407050064e-05
  +2.27407050064e-05
  +2.27407050064e-05
  +2.27407050064e-05
  +2.27407050064e-05
  +2.27407050064e-05
  +2.27407050064e-05
  +2.27407050064e-05
  +2.27407050064e-05
  +2.27407050064e-05
  +2.27407050064e-05
  +2.27407050064e-05
  +2.27407050064e-05
  +2.27407050064e-05
  +2.27407050064e-05
  +2.27407050064e-05
  +2.27407050064e-05
  +2.27407050064e-05
  +2.27407050064e-05
  +2.27407050064e-05
  +2.27407050064e-05
  +2.27407050064e-05
  +2.27407050064e-05
  +2.27407050064e-05
  +2.27407050064e-05
  +2.27407050064e-05
  +2.27407050064e-05
  +2.27407050064e-05
  +2.27407050064e-05
  +2.27407050064e-05
  +2.27407050064e-05
  +2.27407050064e-05
  +2.27407050064e-05
  +2.27407050064e-05
  +2.27407050064e-05
  +2.27407050064e-05
  +2.27407050064e-05
  +2.27407050064e-05
  +2.27407050064e-05
  +2.27407050064e-05
  +2.27407050064e-05
  +2.27407050064e-05
  +2.27407050064e-05
  +2.27407050064e-05
  +2.27407050064e-05
  +2.27407050064e-05
  +2.27407050064e-05
  +2.27407050064e-05
  +2.27407050064e-05
  +2.27407050064e-05
  +2.27407050064e-05
  +2.27407050064e-05
  +2.27407050064e-05
  +2.27407050064e-05
  +2.27407050064e-05
  +2.27407050064e-05
</dep>
<dep _net2.Vt time>
  +3.40900799479e-05
  +3.40900799479e-05
  +3.40900799479e-05
  +3.40900799479e-05
  +3.40900799479e-05
  +3.40900799479e-05
  +3.40900799479e-05
  +3.40900799479e-05
  +3.40900799479e-05
  +3.40900799479e-05
  +3.40900799479e-05
  +3.40900799479e-05
  +3.40900799479e-05
  +3.40900799479e-05
  +3.40900799479e-05
  +3.40900799479e-05
  +3.40900799479e-05
  +3.40900799479e-05
  +3.40900799479e-05
  +3.40900799479e-05
  +3.40900799479e-05
  +3.40900799479e-05
  +3.40900799479e-05
  +3.40900799479e-05
  +3.40900799479e-05
  +3.40900799479e-05
  +3.40900799479e-05
  +3.40900799479e-05
  +3.40900799479e-05
  +3.40900799479e-05
  +3.40900799479e-05
  +3.40900799479e-05
  +3.40900799479e-05
  +3.40900799479e-05
  +3.40900799479e-05
  +3.40900799479e-05
  +3.40900799479e-05
  +3.40900799479e-05
  +3.40900799479e-05
  +3.40900799479e-05
  +3.40900799479e-05
  +3.40900799479e-05
  +3.40900799479e-05
  +3.40900799479e-05
  +3.40900799479e-05
  +3.40900799479e-05
  +3.40900799479e-05
  +3.40900799479e-05
  +3.40900799479e-05
  +3.40900799479e-05
  +3.40900799479e-05
  +3.40900799479e-05
  +3.40900799479e-05
  +3.40900799479e-05
  +3.40900799479e-05
  +3.40900799479e-05
  +3.40900799479e-05
  +3.40900799479e-05
  +3.40900799479e-05
  +3.40900799479e-05
  +3.40900799479e-05
  +3.40900799479e-05
  +3.40900799479e-05
  +3.40900799479e-05
  +3.40900799479e-05
  +3.40900799479e-05
  +3.40900799479e-05
  +3.40900799479e-05
  +3.40900799479e-05
  +3.40900799479e-05
  +3.40900799479e-05
  +3.40900799479e-05
  +3.40900799479e-05
  +3.40900799479e-05
  +3.40900799479e-05
  +3.40900799479e-05
  +3.40900799479e-05
  +3.40900799479e-05
  +3.40900799479e-05
  +3.40900799479e-05
  +3.40900799479e-05
  +3.40900799479e-05
  +3.40900799479e-05
  +3.40900799479e-05
  +3.40900799479e-05
  +3.40900799479e-05
  +3.40900799479e-05
  +3.40900799479e-05
  +3.40900799479e-05
  +3.40900799479e-05
  +3.40900799479e-05
  +3.40900799479e-05
  +3.40900799479e-05
  +3.40900799479e-05
  +3.40900799479e-05
  +3.40900799479e-05
  +3.40900799479e-05
  +3.40900799479e-05
  +3.40900799479e-05
  +3.40900799479e-05
  +3.40900799479e-05
  +3.40900799479e-05
  +3.40900799479e-05
  +3.40900799479e-05
  +3.40900799479e-05
  +3.40900799479e-05
</dep>
<dep _net6.Vt time>
  +4.90195344897e-01
  +4.90195344897e-01
  +4.90195344897e-01
  +4.90195344897e-01
  +4.90195344897e-01
  +4.90195344897e-01
  +4.90195344897e-01
  +4.90195344897e-01
  +4.90195344897e-01
  +4.90195344897e-01
  +4.90195344897e-01
  +4.90195344897e-01
  +4.90195344897e-01
  +4.90195344897e-01
  +4.90195344897e-01
  +4.90195344897e-01
  +4.90195344897e-01
  +4.90195344897e-01
  +4.90195344897e-01
  +4.90195344897e-01
  +4.90195344897e-01
  +4.90195344897e-01
  +4.90195344897e-01
  +4.90195344897e-01
  +4.90195344897e-01
  +4.90195344897e-01
  +4.90195344897e-01
  +4.90195344897e-01
  +4.90195344897e-01
  +4.90195344897e-01
  +4.90195344897e-01
  +4.90195344897e-01
  +4.90195344897e-01
  +4.90195344897e-01
  +4.90195344897e-01
  +4.90195344897e-01
  +4.90195344897e-01
  +4.90195344897e-01
  +4.90195344897e-01
  +4.90195344897e-01
  +4.90195344897e-01
  +4.90195344897e-01
  +4.90195344897e-01
  +4.90195344897e-01
  +4.90195344897e-01
  +4.90195344897e-01
  +4.90195344897e-01
  +4.90195344897e-01
  +4.90195344897e-01
  +4.90195344897e-01
  +4.90195344897e-01
  +4.90195344897e-01
  +4.90195344897e-01
  +4.90195344897e-01
  +4.90195344897e-01
  +4.90195344897e-01
  +4.90195344897e-01
  +4.90195344897e-01
  +4.90195344897e-01
  +4.90195344897e-01
  +4.90195344897e-01
  +4.90195344897e-01
  +4.90195344897e-01
  +4.90195344897e-01
  +4.90195344897e-01
  +4.90195344897e-01
  +4.90195344897e-01
  +4.90195344897e-01
  +4.90195344897e-01
  +4.90195344897e-01
  +4.90195344897e-01
  +4.90195344897e-01
  +4.90195344897e-01
  +4.90195344897e-01
  +4.90195344897e-01
  +4.90195344897e-01
  +4.90195344897e-01
  +4.90195344897e-01
  +4.90195344897e-01
  +4.90195344897e-01
  +4.90195344897e-01
  +4.90195344897e-01
  +4.90195344897e-01
  +4.90195344897e-01
  +4.90195344897e-01
  +4.90195344897e-01
  +4.90195344897e-01
  +4.90195344897e-01
  +4.90195344897e-01
  +4.90195344897e-01
  +4.90195344897e-01
  +4.90195344897e-01
  +4.90195344897e-01
  +4.90195344897e-01
  +4.90195344897e-01
  +4.90195344897e-01
  +4.90195344897e-01
  +4.90195344897e-01
  +4.90195344897e-01
  +4.90195344897e-01
  +4.90195344897e-01
  +4.90195344897e-01
  +4.90195344897e-01
  +4.90195344897e-01
  +4.90195344897e-01
  +4.90195344897e-01
</dep>
<dep _net1.Vt time>
  +5.90000000000e-01
  +5.90000000000e-01
  +5.90000000000e-01
  +5.90000000000e-01
  +5.90000000000e-01
  +5.90000000000e-01
  +5.90000000000e-01
  +5.90000000000e-01
  +5.90000000000e-01
  +5.90000000000e-01
  +5.90000000000e-01
  +5.90000000000e-01
  +5.90000000000e-01
  +5.90000000000e-01
  +5.90000000000e-01
  +5.90000000000e-01
  +5.90000000000e-01
  +5.90000000000e-01
  +5.90000000000e-01
  +5.90000000000e-01
  +5.90000000000e-01
  +5.90000000000e-01
  +5.90000000000e-01
  +5.90000000000e-01
  +5.90000000000e-01
  +5.90000000000e-01
  +5.90000000000e-01
  +5.90000000000e-01
  +5.90000000000e-01
  +5.90000000000e-01
  +5.90000000000e-01
  +5.90000000000e-01
  +5.90000000000e-01
  +5.90000000000e-01
  +5.90000000000e-01
  +5.90000000000e-01
  +5.90000000000e-01
  +5.90000000000e-01
  +5.90000000000e-01
  +5.90000000000e-01
  +5.90000000000e-01
  +5.90000000000e-01
  +5.90000000000e-01
  +5.90000000000e-01
  +5.90000000000e-01
  +5.90000000000e-01
  +5.90000000000e-01
  +5.90000000000e-01
  +5.90000000000e-01
  +5.90000000000e-01
  +5.90000000000e-01
  +5.90000000000e-01
  +5.90000000000e-01
  +5.90000000000e-01
  +5.90000000000e-01
  +5.90000000000e-01
  +5.90000000000e-01
  +5.90000000000e-01
  +5.90000000000e-01
  +5.90000000000e-01
  +5.90000000000e-01
  +5.90000000000e-01
  +5.90000000000e-01
  +5.90000000000e-01
  +5.90000000000e-01
  +5.90000000000e-01
  +5.90000000000e-01
  +5.90000000000e-01
  +5.90000000000e-01
  +5.90000000000e-01
  +5.90000000000e-01
  +5.90000000000e-01
  +5.90000000000e-01
  +5.90000000000e-01
  +5.90000000000e-01
  +5.90000000000e-01
  +5.90000000000e-01
  +5.90000000000e-01
  +5.90000000000e-01
  +5.90000000000e-01
  +5.90000000000e-01
  +5.90000000000e-01
  +5.90000000000e-01
  +5.90000000000e-01
  +5.90000000000e-01
  +5.90000000000e-01
  +5.90000000000e-01
  +5.90000000000e-01
  +5.90000000000e-01
  +5.90000000000e-01
  +5.90000000000e-01
  +5.90000000000e-01
  +5.90000000000e-01
  +5.90000000000e-01
  +5.90000000000e-01
  +5.90000000000e-01
  +5.90000000000e-01
  +5.90000000000e-01
  +5.90000000000e-01
  +5.90000000000e-01
  +5.90000000000e-01
  +5.90000000000e-01
  +5.90000000000e-01
  +5.90000000000e-01
  +5.90000000000e-01
  +5.90000000000e-01
</dep>
<dep _net0.Vt time>
  +9.97506234414e-01
  +9.97506234414e-01
  +9.97506234414e-01
  +9.97506234414e-01
  +9.97506234414e-01
  +9.97506234414e-01
  +9.97506234414e-01
  +9.97506234414e-01
  +9.97506234414e-01
  +9.97506234414e-01
  +9.97506234414e-01
  +9.97506234414e-01
  +9.97506234414e-01
  +9.97506234414e-01
  +9.97506234414e-01
  +9.97506234414e-01
  +9.97506234414e-01
  +9.97506234414e-01
  +9.97506234414e-01
  +9.97506234414e-01
  +9.97506234414e-01
  +9.97506234414e-01
  +9.97506234414e-01
  +9.97506234414e-01
  +9.97506234414e-01
  +9.97506234414e-01
  +9.97506234414e-01
  +9.97506234414e-01
  +9.97506234414e-01
  +9.97506234414e-01
  +9.97506234414e-01
  +9.97506234414e-01
  +9.97506234414e-01
  +9.97506234414e-01
  +9.97506234414e-01
  +9.97506234414e-01
  +9.97506234414e-01
  +9.97506234414e-01
  +9.97506234414e-01
  +9.97506234414e-01
  +9.97506234414e-01
  +9.97506234414e-01
  +9.97506234414e-01
  +9.97506234414e-01
  +9.97506234414e-01
  +9.97506234414e-01
  +9.97506234414e-01
  +9.97506234414e-01
  +9.97506234414e-01
  +9.97506234414e-01
  +9.97506234414e-01
  +9.97506234414e-01
  +9.97506234414e-01
  +9.97506234414e-01
  +9.97506234414e-01
  +9.97506234414e-01
  +9.97506234414e-01
  +9.97506234414e-01
  +9.97506234414e-01
  +9.97506234414e-01
  +9.97506234414e-01
  +9.97506234414e-01
  +9.97506234414e-01
  +9.97506234414e-01
  +9.97506234414e-01
  +9.97506234414e-01
  +9.97506234414e-01
  +9.97506234414e-01
  +9.97506234414e-01
  +9.97506234414e-01
  +9.97506234414e-01
  +9.97506234414e-01
  +9.97506234414e-01
  +9.97506234414e-01
  +9.97506234414e-01
  +9.97506234414e-01
  +9.97506234414e-01
  +9.97506234414e-01
  +9.97506234414e-01
  +9.97506234414e-01
  +9.97506234414e-01
  +9.97506234414e-01
  +9.97506234414e-01
  +9.97506234414e-01
  +9.97506234414e-01
  +9.97506234414e-01
  +9.97506234414e-01
  +9.97506234414e-01
  +9.97506234414e-01
  +9.97506234414e-01
  +9.97506234414e-01
  +9.97506234414e-01
  +9.97506234414e-01
  +9.97506234414e-01
  +9.97506234414e-01
  +9.97506234414e-01
  +9.97506234414e-01
  +9.97506234414e-01
  +9.97506234414e-01
  +9.97506234414e-01
  +9.97506234414e-01
  +9.97506234414e-01
  +9.97506234414e-01
  +9.97506234414e-01
  +9.97506234414e-01
  +9.97506234414e-01
</dep>
<dep _net11.Vt time>
  +4.54322546004e-05
  +4.54322546004e-05
  +4.54322546004e-05
  +4.54322546004e-05
  +4.54322546004e-05
  +4.54322546004e-05
  +4.54322546004e-05
  +4.54322546004e-05
  +4.54322546004e-05
  +4.54322546004e-05
  +4.54598083589e-05
  +4.54598083589e-05
  +4.54598083589e-05
  +4.54598083589e-05
  +4.54598083589e-05
  +4.54598083589e-05
  +4.54598083589e-05
  +4.54598083589e-05
  +4.54598083589e-05
  +4.54598083589e-05
  +4.54598177481e-05
  +4.54598177481e-05
  +4.54598177481e-05
  +4.54598177481e-05
  +4.54598177481e-05
  +4.54598177481e-05
  +4.54598177481e-05
  +4.54598177481e-05
  +4.54598177481e-05
  +4.54598177481e-05
  +4.54598083589e-05
  +4.54598083589e-05
  +4.54598083589e-05
  +4.54598083589e-05
  +4.54598083589e-05
  +4.54598083589e-05
  +4.54598083589e-05
  +4.54598083589e-05
  +4.54598083589e-05
  +4.54598083589e-05
  +4.54598177481e-05
  +4.54598177481e-05
  +4.54598177481e-05
  +4.54598177481e-05
  +4.54598177481e-05
  +4.54598177481e-05
  +4.54598177481e-05
  +4.54598177481e-05
  +4.54598177481e-05
  +4.54598177481e-05
  +4.54598177481e-05
  +4.54598083589e-05
  +4.54598083589e-05
  +4.54598083589e-05
  +4.54598083589e-05
  +4.54598083589e-05
  +4.54598083589e-05
  +4.54598083589e-05
  +4.54598083589e-05
  +4.54598083589e-05
  +4.54598177481e-05
  +4.54598177481e-05
  +4.54598177481e-05
  +4.54598177481e-05
  +4.54598177481e-05
  +4.54598177481e-05
  +4.54598177481e-05
  +4.54598177481e-05
  +4.54598177481e-05
  +4.54598177481e-05
  +4.54598177481e-05
  +4.54598083589e-05
  +4.54598083589e-05
  +4.54598083589e-05
  +4.54598083589e-05
  +4.54598083589e-05
  +4.54598083589e-05
  +4.54598083589e-05
  +4.54598083589e-05
  +4.54598083589e-05
  +4.54598177695e-05
  +4.54598177695e-05
  +4.54598177695e-05
  +4.54598177695e-05
  +4.54598177695e-05
  +4.54598177695e-05
  +4.54598177695e-05
  +4.54598177695e-05
  +4.54598177695e-05
  +4.54598177695e-05
  +4.54804465840e-05
  +4.54804465840e-05
  +4.54804465840e-05
  +4.54804465840e-05
  +4.54804465840e-05
  +4.54804465840e-05
  +4.54804465840e-05
  +4.54804465840e-05
  +4.54804465840e-05
  +4.54804465840e-05
  +9.99931842820e-01
  +9.99931842820e-01
  +9.99931842820e-01
  +9.99931842820e-01
  +9.99931842820e-01
  +9.99931842820e-01
</dep>
