<Qucs Dataset 0.0.18>
<indep frequency 300>
  +1.00000000000e+006
  +2.00000000000e+006
  +3.00000000000e+006
  +4.00000000000e+006
  +5.00000000000e+006
  +6.00000000000e+006
  +7.00000000000e+006
  +8.00000000000e+006
  +9.00000000000e+006
  +1.00000000000e+007
  +1.10000000000e+007
  +1.20000000000e+007
  +1.30000000000e+007
  +1.40000000000e+007
  +1.50000000000e+007
  +1.60000000000e+007
  +1.70000000000e+007
  +1.80000000000e+007
  +1.90000000000e+007
  +2.00000000000e+007
  +2.10000000000e+007
  +2.20000000000e+007
  +2.30000000000e+007
  +2.40000000000e+007
  +2.50000000000e+007
  +2.60000000000e+007
  +2.70000000000e+007
  +2.80000000000e+007
  +2.90000000000e+007
  +3.00000000000e+007
  +3.10000000000e+007
  +3.20000000000e+007
  +3.30000000000e+007
  +3.40000000000e+007
  +3.50000000000e+007
  +3.60000000000e+007
  +3.70000000000e+007
  +3.80000000000e+007
  +3.90000000000e+007
  +4.00000000000e+007
  +4.10000000000e+007
  +4.20000000000e+007
  +4.30000000000e+007
  +4.40000000000e+007
  +4.50000000000e+007
  +4.60000000000e+007
  +4.70000000000e+007
  +4.80000000000e+007
  +4.90000000000e+007
  +5.00000000000e+007
  +5.10000000000e+007
  +5.20000000000e+007
  +5.30000000000e+007
  +5.40000000000e+007
  +5.50000000000e+007
  +5.60000000000e+007
  +5.70000000000e+007
  +5.80000000000e+007
  +5.90000000000e+007
  +6.00000000000e+007
  +6.10000000000e+007
  +6.20000000000e+007
  +6.30000000000e+007
  +6.40000000000e+007
  +6.50000000000e+007
  +6.60000000000e+007
  +6.70000000000e+007
  +6.80000000000e+007
  +6.90000000000e+007
  +7.00000000000e+007
  +7.10000000000e+007
  +7.20000000000e+007
  +7.30000000000e+007
  +7.40000000000e+007
  +7.50000000000e+007
  +7.60000000000e+007
  +7.70000000000e+007
  +7.80000000000e+007
  +7.90000000000e+007
  +8.00000000000e+007
  +8.10000000000e+007
  +8.20000000000e+007
  +8.30000000000e+007
  +8.40000000000e+007
  +8.50000000000e+007
  +8.60000000000e+007
  +8.70000000000e+007
  +8.80000000000e+007
  +8.90000000000e+007
  +9.00000000000e+007
  +9.10000000000e+007
  +9.20000000000e+007
  +9.30000000000e+007
  +9.40000000000e+007
  +9.50000000000e+007
  +9.60000000000e+007
  +9.70000000000e+007
  +9.80000000000e+007
  +9.90000000000e+007
  +1.00000000000e+008
  +1.01000000000e+008
  +1.02000000000e+008
  +1.03000000000e+008
  +1.04000000000e+008
  +1.05000000000e+008
  +1.06000000000e+008
  +1.07000000000e+008
  +1.08000000000e+008
  +1.09000000000e+008
  +1.10000000000e+008
  +1.11000000000e+008
  +1.12000000000e+008
  +1.13000000000e+008
  +1.14000000000e+008
  +1.15000000000e+008
  +1.16000000000e+008
  +1.17000000000e+008
  +1.18000000000e+008
  +1.19000000000e+008
  +1.20000000000e+008
  +1.21000000000e+008
  +1.22000000000e+008
  +1.23000000000e+008
  +1.24000000000e+008
  +1.25000000000e+008
  +1.26000000000e+008
  +1.27000000000e+008
  +1.28000000000e+008
  +1.29000000000e+008
  +1.30000000000e+008
  +1.31000000000e+008
  +1.32000000000e+008
  +1.33000000000e+008
  +1.34000000000e+008
  +1.35000000000e+008
  +1.36000000000e+008
  +1.37000000000e+008
  +1.38000000000e+008
  +1.39000000000e+008
  +1.40000000000e+008
  +1.41000000000e+008
  +1.42000000000e+008
  +1.43000000000e+008
  +1.44000000000e+008
  +1.45000000000e+008
  +1.46000000000e+008
  +1.47000000000e+008
  +1.48000000000e+008
  +1.49000000000e+008
  +1.50000000000e+008
  +1.51000000000e+008
  +1.52000000000e+008
  +1.53000000000e+008
  +1.54000000000e+008
  +1.55000000000e+008
  +1.56000000000e+008
  +1.57000000000e+008
  +1.58000000000e+008
  +1.59000000000e+008
  +1.60000000000e+008
  +1.61000000000e+008
  +1.62000000000e+008
  +1.63000000000e+008
  +1.64000000000e+008
  +1.65000000000e+008
  +1.66000000000e+008
  +1.67000000000e+008
  +1.68000000000e+008
  +1.69000000000e+008
  +1.70000000000e+008
  +1.71000000000e+008
  +1.72000000000e+008
  +1.73000000000e+008
  +1.74000000000e+008
  +1.75000000000e+008
  +1.76000000000e+008
  +1.77000000000e+008
  +1.78000000000e+008
  +1.79000000000e+008
  +1.80000000000e+008
  +1.81000000000e+008
  +1.82000000000e+008
  +1.83000000000e+008
  +1.84000000000e+008
  +1.85000000000e+008
  +1.86000000000e+008
  +1.87000000000e+008
  +1.88000000000e+008
  +1.89000000000e+008
  +1.90000000000e+008
  +1.91000000000e+008
  +1.92000000000e+008
  +1.93000000000e+008
  +1.94000000000e+008
  +1.95000000000e+008
  +1.96000000000e+008
  +1.97000000000e+008
  +1.98000000000e+008
  +1.99000000000e+008
  +2.00000000000e+008
  +2.01000000000e+008
  +2.02000000000e+008
  +2.03000000000e+008
  +2.04000000000e+008
  +2.05000000000e+008
  +2.06000000000e+008
  +2.07000000000e+008
  +2.08000000000e+008
  +2.09000000000e+008
  +2.10000000000e+008
  +2.11000000000e+008
  +2.12000000000e+008
  +2.13000000000e+008
  +2.14000000000e+008
  +2.15000000000e+008
  +2.16000000000e+008
  +2.17000000000e+008
  +2.18000000000e+008
  +2.19000000000e+008
  +2.20000000000e+008
  +2.21000000000e+008
  +2.22000000000e+008
  +2.23000000000e+008
  +2.24000000000e+008
  +2.25000000000e+008
  +2.26000000000e+008
  +2.27000000000e+008
  +2.28000000000e+008
  +2.29000000000e+008
  +2.30000000000e+008
  +2.31000000000e+008
  +2.32000000000e+008
  +2.33000000000e+008
  +2.34000000000e+008
  +2.35000000000e+008
  +2.36000000000e+008
  +2.37000000000e+008
  +2.38000000000e+008
  +2.39000000000e+008
  +2.40000000000e+008
  +2.41000000000e+008
  +2.42000000000e+008
  +2.43000000000e+008
  +2.44000000000e+008
  +2.45000000000e+008
  +2.46000000000e+008
  +2.47000000000e+008
  +2.48000000000e+008
  +2.49000000000e+008
  +2.50000000000e+008
  +2.51000000000e+008
  +2.52000000000e+008
  +2.53000000000e+008
  +2.54000000000e+008
  +2.55000000000e+008
  +2.56000000000e+008
  +2.57000000000e+008
  +2.58000000000e+008
  +2.59000000000e+008
  +2.60000000000e+008
  +2.61000000000e+008
  +2.62000000000e+008
  +2.63000000000e+008
  +2.64000000000e+008
  +2.65000000000e+008
  +2.66000000000e+008
  +2.67000000000e+008
  +2.68000000000e+008
  +2.69000000000e+008
  +2.70000000000e+008
  +2.71000000000e+008
  +2.72000000000e+008
  +2.73000000000e+008
  +2.74000000000e+008
  +2.75000000000e+008
  +2.76000000000e+008
  +2.77000000000e+008
  +2.78000000000e+008
  +2.79000000000e+008
  +2.80000000000e+008
  +2.81000000000e+008
  +2.82000000000e+008
  +2.83000000000e+008
  +2.84000000000e+008
  +2.85000000000e+008
  +2.86000000000e+008
  +2.87000000000e+008
  +2.88000000000e+008
  +2.89000000000e+008
  +2.90000000000e+008
  +2.91000000000e+008
  +2.92000000000e+008
  +2.93000000000e+008
  +2.94000000000e+008
  +2.95000000000e+008
  +2.96000000000e+008
  +2.97000000000e+008
  +2.98000000000e+008
  +2.99000000000e+008
  +3.00000000000e+008
</indep>
<dep diff_pahse frequency>
  +8.91566103299e+001
  +8.93893392961e+001
  +8.94943941894e+001
  +8.95588279852e+001
  +8.96045029524e+001
  +8.96398437710e+001
  +8.96688774935e+001
  +8.96938051419e+001
  +8.97159471241e+001
  +8.97361528148e+001
  +8.97549997989e+001
  +8.97728996078e+001
  +8.97901578086e+001
  +8.98070101242e+001
  +8.98236452114e+001
  +8.98402196586e+001
  +8.98568682755e+001
  +8.98737114574e+001
  +8.98908607032e+001
  +8.99084229716e+001
  +8.99265043334e+001
  +8.99452132424e+001
  +8.99646636759e+001
  +8.99849783568e+001
  +9.00062922621e+001
  +9.00287566360e+001
  +9.00525437651e+001
  +9.00778528419e+001
  +9.01049173480e+001
  +9.01340145503e+001
  +9.01654779513e+001
  +9.01997139088e+001
  +9.02372242269e+001
  +9.02786374474e+001
  +9.03247530804e+001
  +9.03766055378e+001
  +9.04355588782e+001
  +9.05034512578e+001
  +9.05828224714e+001
  +9.06772863073e+001
  +9.07921680472e+001
  +9.09356570766e+001
  +9.11210357493e+001
  +9.13713728177e+001
  +9.17305778674e+001
  +9.22938018613e+001
  +9.33128823467e+001
  +9.57427432314e+001
  +1.09063949017e+002
  -1.04230894399e+002
  -9.53737802077e+001
  -9.33213373015e+001
  -9.24053240797e+001
  -9.18829028786e+001
  -9.15425441931e+001
  -9.13011187091e+001
  -9.11193093149e+001
  -9.09761016745e+001
  -9.08592368170e+001
  -9.07610741616e+001
  -9.06765966406e+001
  -9.06023665963e+001
  -9.05359425436e+001
  -9.04755355690e+001
  -9.04197976744e+001
  -9.03676863092e+001
  -9.03183746806e+001
  -9.02711905046e+001
  -9.02255729163e+001
  -9.01810412255e+001
  -9.01371715041e+001
  -9.00935783663e+001
  -9.00499001338e+001
  -9.00057860846e+001
  -8.99608847834e+001
  -8.99148326451e+001
  -8.98672419330e+001
  -8.98176873414e+001
  -8.97656901567e+001
  -8.97106987066e+001
  -8.96520633291e+001
  -8.95890033389e+001
  -8.95205622547e+001
  -8.94455455908e+001
  -8.93624322602e+001
  -8.92692451032e+001
  -8.91633562935e+001
  -8.90411855283e+001
  -8.88977147409e+001
  -8.87256741830e+001
  -8.85141068948e+001
  -8.82456767237e+001
  -8.78912180810e+001
  -8.73975537361e+001
  -8.66563794607e+001
  -8.54079903792e+001
  -8.28366440560e+001
  -7.44476472173e+001
  +3.41654486784e+001
  +7.84543980220e+001
  +8.37233711378e+001
  +8.57016106497e+001
  +8.67426245921e+001
  +8.73891523782e+001
  +8.78330017462e+001
  +8.81591434170e+001
  +8.84109995357e+001
  +8.86130796436e+001
  +8.87802756565e+001
  +8.89221675861e+001
  +8.90452077125e+001
  +8.91539103200e+001
  +8.92515381380e+001
  +8.93405177461e+001
  +8.94227013392e+001
  +8.94995375849e+001
  +8.95721867113e+001
  +8.96416003329e+001
  +8.97085784215e+001
  +8.97738111925e+001
  +8.98379109261e+001
  +8.99014370897e+001
  +8.99649171093e+001
  +9.00288645210e+001
  +9.00937958777e+001
  +9.01602476129e+001
  +9.02287940429e+001
  +9.03000678101e+001
  +9.03747843577e+001
  +9.04537725298e+001
  +9.05380142201e+001
  +9.06286973104e+001
  +9.07272882798e+001
  +9.08356343664e+001
  +9.09561110623e+001
  +9.10918409590e+001
  +9.12470283710e+001
  +9.14274887054e+001
  +9.16415195691e+001
  +9.19014025102e+001
  +9.22261414050e+001
  +9.26468141290e+001
  +9.32179940709e+001
  +9.40451283707e+001
  +9.53616702688e+001
  +9.78063015074e+001
  +1.03945276836e+002
  +1.40467322506e+002
  -1.13154660988e+002
  -1.00323738765e+002
  -9.65905532783e+001
  -9.48187624643e+001
  -9.37790565684e+001
  -9.30908334533e+001
  -9.25980296403e+001
  -9.22248814131e+001
  -9.19301691869e+001
  -9.16895361175e+001
  -9.14876540761e+001
  -9.13143832448e+001
  -9.11627363488e+001
  -9.10277299216e+001
  -9.09057019888e+001
  -9.07938889462e+001
  -9.06901532694e+001
  -9.05928024698e+001
  -9.05004650834e+001
  -9.04120032915e+001
  -9.03264495791e+001
  -9.02429594055e+001
  -9.01607745960e+001
  -9.00791938385e+001
  -8.99975476935e+001
  -8.99151761452e+001
  -8.98314070544e+001
  -8.97455340026e+001
  -8.96567919584e+001
  -8.95643289436e+001
  -8.94671713865e+001
  -8.93641800193e+001
  -8.92539918408e+001
  -8.91349415129e+001
  -8.90049520545e+001
  -8.88613788640e+001
  -8.87007811154e+001
  -8.85185768967e+001
  -8.83085059208e+001
  -8.80617609527e+001
  -8.77655217016e+001
  -8.74003490865e+001
  -8.69352529922e+001
  -8.63175898919e+001
  -8.54501457650e+001
  -8.41314450730e+001
  -8.18659760380e+001
  -7.70342234686e+001
  -6.01958646270e+001
  +3.92765549672e+001
  +7.34660498248e+001
  +8.04242105514e+001
  +8.33028824551e+001
  +8.48785539981e+001
  +8.58781721881e+001
  +8.65735008679e+001
  +8.70888895820e+001
  +8.74892450701e+001
  +8.78117578884e+001
  +8.80792793624e+001
  +8.83066376546e+001
  +8.85038884782e+001
  +8.86781060684e+001
  +8.88344260671e+001
  +8.89766814333e+001
  +8.91078057084e+001
  +8.92300976418e+001
  +8.93454002470e+001
  +8.94552254609e+001
  +8.95608433820e+001
  +8.96633480208e+001
  +8.97637073158e+001
  +8.98628026231e+001
  +8.99614613295e+001
  +9.00604852824e+001
  +9.01606771779e+001
  +9.02628667799e+001
  +9.03679388061e+001
  +9.04768645078e+001
  +9.05907394143e+001
  +9.07108305020e+001
  +9.08386373410e+001
  +9.09759738503e+001
  +9.11250806574e+001
  +9.12887836029e+001
  +9.14707233041e+001
  +9.16756970303e+001
  +9.19101836998e+001
  +9.21831785807e+001
  +9.25075748951e+001
  +9.29025621620e+001
  +9.33980359331e+001
  +9.40433035273e+001
  +9.49259002404e+001
  +9.62174316098e+001
  +9.83055372120e+001
  +1.02282316538e+002
  +1.12720415261e+002
  +1.67798648361e+002
  -1.17262991575e+002
  -1.03707762552e+002
  -9.90485294029e+001
  -9.67113403117e+001
  -9.53016005787e+001
  -9.43529986335e+001
  -9.36663634246e+001
  -9.31425044693e+001
  -9.27265011049e+001
  -9.23854808445e+001
  -9.20985523093e+001
  -9.18517878582e+001
  -9.16355296272e+001
  -9.14428537496e+001
  -9.12686504663e+001
  -9.11090496692e+001
  -9.09610490168e+001
  -9.08222653978e+001
  -9.06907639240e+001
  -9.05649369567e+001
  -9.04434161004e+001
  -9.03250062303e+001
  -9.02086343136e+001
  -9.00933080492e+001
  -8.99780807481e+001
  -8.98620197074e+001
  -8.97441757888e+001
  -8.96235520709e+001
  -8.94990693478e+001
  -8.93695258735e+001
  -8.92335480298e+001
  -8.90895273889e+001
  -8.89355376881e+001
  -8.87692220849e+001
  -8.85876359181e+001
  -8.83870216073e+001
  -8.81624775475e+001
  -8.79074565800e+001
  -8.76129809747e+001
  -8.72663665536e+001
  -8.68490555355e+001
  -8.63327361296e+001
  -8.56719316543e+001
  -8.47886542485e+001
  -8.35371113800e+001
  -8.16101489256e+001
  -7.82349570652e+001
  -7.08067021801e+001
  -4.43509422027e+001
  +4.19763902558e+001
  +7.01788179020e+001
  +7.78934583772e+001
  +8.13565292615e+001
</dep>
<dep phaseS21 frequency>
  -3.64224898837e+000
  -7.28449797674e+000
  -1.09267469651e+001
  -1.45689959535e+001
  -1.82112449419e+001
  -2.18534939302e+001
  -2.54957429186e+001
  -2.91379919070e+001
  -3.27802408953e+001
  -3.64224898837e+001
  -4.00647388720e+001
  -4.37069878604e+001
  -4.73492368487e+001
  -5.09914858371e+001
  -5.46337348254e+001
  -5.82759838138e+001
  -6.19182328021e+001
  -6.55604817905e+001
  -6.92027307788e+001
  -7.28449797672e+001
  -7.64872287555e+001
  -8.01294777438e+001
  -8.37717267322e+001
  -8.74139757205e+001
  -9.10562247088e+001
  -9.46984736972e+001
  -9.83407226855e+001
  -1.01982971674e+002
  -1.05625220662e+002
  -1.09267469651e+002
  -1.12909718639e+002
  -1.16551967627e+002
  -1.20194216616e+002
  -1.23836465604e+002
  -1.27478714592e+002
  -1.31120963581e+002
  -1.34763212569e+002
  -1.38405461557e+002
  -1.42047710546e+002
  -1.45689959534e+002
  -1.49332208522e+002
  -1.52974457511e+002
  -1.56616706499e+002
  -1.60258955487e+002
  -1.63901204476e+002
  -1.67543453464e+002
  -1.71185702453e+002
  -1.74827951441e+002
  -1.78470200429e+002
  +1.77887550582e+002
  +1.74245301594e+002
  +1.70603052606e+002
  +1.66960803617e+002
  +1.63318554629e+002
  +1.59676305640e+002
  +1.56034056652e+002
  +1.52391807664e+002
  +1.48749558675e+002
  +1.45107309687e+002
  +1.41465060699e+002
  +1.37822811710e+002
  +1.34180562722e+002
  +1.30538313734e+002
  +1.26896064745e+002
  +1.23253815757e+002
  +1.19611566769e+002
  +1.15969317780e+002
  +1.12327068792e+002
  +1.08684819804e+002
  +1.05042570815e+002
  +1.01400321827e+002
  +9.77580728385e+001
  +9.41158238502e+001
  +9.04735748618e+001
  +8.68313258735e+001
  +8.31890768852e+001
  +7.95468278968e+001
  +7.59045789085e+001
  +7.22623299202e+001
  +6.86200809318e+001
  +6.49778319435e+001
  +6.13355829551e+001
  +5.76933339668e+001
  +5.40510849784e+001
  +5.04088359901e+001
  +4.67665870017e+001
  +4.31243380134e+001
  +3.94820890250e+001
  +3.58398400367e+001
  +3.21975910483e+001
  +2.85553420599e+001
  +2.49130930716e+001
  +2.12708440832e+001
  +1.76285950948e+001
  +1.39863461065e+001
  +1.03440971181e+001
  +6.70184812974e+000
  +3.05959914137e+000
  -5.82649847006e-001
  -4.22489883538e+000
  -7.86714782375e+000
  -1.15093968121e+001
  -1.51516458005e+001
  -1.87938947889e+001
  -2.24361437772e+001
  -2.60783927656e+001
  -2.97206417540e+001
  -3.33628907423e+001
  -3.70051397307e+001
  -4.06473887190e+001
  -4.42896377074e+001
  -4.79318866957e+001
  -5.15741356841e+001
  -5.52163846724e+001
  -5.88586336608e+001
  -6.25008826491e+001
  -6.61431316375e+001
  -6.97853806258e+001
  -7.34276296142e+001
  -7.70698786025e+001
  -8.07121275908e+001
  -8.43543765792e+001
  -8.79966255675e+001
  -9.16388745558e+001
  -9.52811235442e+001
  -9.89233725325e+001
  -1.02565621521e+002
  -1.06207870509e+002
  -1.09850119498e+002
  -1.13492368486e+002
  -1.17134617474e+002
  -1.20776866463e+002
  -1.24419115451e+002
  -1.28061364439e+002
  -1.31703613428e+002
  -1.35345862416e+002
  -1.38988111404e+002
  -1.42630360393e+002
  -1.46272609381e+002
  -1.49914858369e+002
  -1.53557107358e+002
  -1.57199356346e+002
  -1.60841605334e+002
  -1.64483854323e+002
  -1.68126103311e+002
  -1.71768352300e+002
  -1.75410601288e+002
  -1.79052850276e+002
  +1.77304900735e+002
  +1.73662651747e+002
  +1.70020402759e+002
  +1.66378153770e+002
  +1.62735904782e+002
  +1.59093655793e+002
  +1.55451406805e+002
  +1.51809157817e+002
  +1.48166908828e+002
  +1.44524659840e+002
  +1.40882410852e+002
  +1.37240161863e+002
  +1.33597912875e+002
  +1.29955663887e+002
  +1.26313414898e+002
  +1.22671165910e+002
  +1.19028916922e+002
  +1.15386667933e+002
  +1.11744418945e+002
  +1.08102169957e+002
  +1.04459920968e+002
  +1.00817671980e+002
  +9.71754229915e+001
  +9.35331740032e+001
  +8.98909250148e+001
  +8.62486760265e+001
  +8.26064270382e+001
  +7.89641780498e+001
  +7.53219290615e+001
  +7.16796800731e+001
  +6.80374310848e+001
  +6.43951820965e+001
  +6.07529331081e+001
  +5.71106841198e+001
  +5.34684351314e+001
  +4.98261861431e+001
  +4.61839371547e+001
  +4.25416881664e+001
  +3.88994391780e+001
  +3.52571901897e+001
  +3.16149412013e+001
  +2.79726922129e+001
  +2.43304432246e+001
  +2.06881942362e+001
  +1.70459452478e+001
  +1.34036962595e+001
  +9.76144727110e+000
  +6.11919828273e+000
  +2.47694929436e+000
  -1.16529969401e+000
  -4.80754868238e+000
  -8.44979767075e+000
  -1.20920466591e+001
  -1.57342956475e+001
  -1.93765446359e+001
  -2.30187936242e+001
  -2.66610426126e+001
  -3.03032916010e+001
  -3.39455405893e+001
  -3.75877895777e+001
  -4.12300385660e+001
  -4.48722875544e+001
  -4.85145365427e+001
  -5.21567855311e+001
  -5.57990345194e+001
  -5.94412835078e+001
  -6.30835324961e+001
  -6.67257814845e+001
  -7.03680304728e+001
  -7.40102794612e+001
  -7.76525284495e+001
  -8.12947774378e+001
  -8.49370264262e+001
  -8.85792754145e+001
  -9.22215244028e+001
  -9.58637733912e+001
  -9.95060223795e+001
  -1.03148271368e+002
  -1.06790520356e+002
  -1.10432769345e+002
  -1.14075018333e+002
  -1.17717267321e+002
  -1.21359516310e+002
  -1.25001765298e+002
  -1.28644014286e+002
  -1.32286263275e+002
  -1.35928512263e+002
  -1.39570761251e+002
  -1.43213010240e+002
  -1.46855259228e+002
  -1.50497508216e+002
  -1.54139757205e+002
  -1.57782006193e+002
  -1.61424255181e+002
  -1.65066504170e+002
  -1.68708753158e+002
  -1.72351002147e+002
  -1.75993251135e+002
  -1.79635500123e+002
  +1.76722250888e+002
  +1.73080001900e+002
  +1.69437752912e+002
  +1.65795503923e+002
  +1.62153254935e+002
  +1.58511005946e+002
  +1.54868756958e+002
  +1.51226507970e+002
  +1.47584258981e+002
  +1.43942009993e+002
  +1.40299761005e+002
  +1.36657512016e+002
  +1.33015263028e+002
  +1.29373014040e+002
  +1.25730765051e+002
  +1.22088516063e+002
  +1.18446267075e+002
  +1.14804018086e+002
  +1.11161769098e+002
  +1.07519520110e+002
  +1.03877271121e+002
  +1.00235022133e+002
  +9.65927731445e+001
  +9.29505241562e+001
  +8.93082751678e+001
  +8.56660261795e+001
  +8.20237771912e+001
  +7.83815282028e+001
  +7.47392792145e+001
  +7.10970302261e+001
  +6.74547812378e+001
  +6.38125322495e+001
  +6.01702832611e+001
  +5.65280342728e+001
  +5.28857852844e+001
  +4.92435362961e+001
  +4.56012873077e+001
  +4.19590383194e+001
  +3.83167893310e+001
  +3.46745403427e+001
  +3.10322913543e+001
  +2.73900423659e+001
  +2.37477933776e+001
  +2.01055443892e+001
  +1.64632954008e+001
  +1.28210464125e+001
  +9.17879742410e+000
  +5.53654843573e+000
  +1.89429944735e+000
  -1.74794954102e+000
  -5.39019852939e+000
  -9.03244751776e+000
  -1.26746965061e+001
</dep>
<dep phaseS11 frequency>
  +8.55143613415e+001
  +8.21048413193e+001
  +7.85676472243e+001
  +7.49898320317e+001
  +7.13932580106e+001
  +6.77863498408e+001
  +6.41731345749e+001
  +6.05558132349e+001
  +5.69357062288e+001
  +5.33136629311e+001
  +4.96902609269e+001
  +4.60659117474e+001
  +4.24409209598e+001
  +3.88155242871e+001
  +3.51899103860e+001
  +3.15642358448e+001
  +2.79386354733e+001
  +2.43132296669e+001
  +2.06881299244e+001
  +1.70634432045e+001
  +1.34392755779e+001
  +9.81573549857e+000
  +6.19293694369e+000
  +2.57100263626e+000
  -1.04993244674e+000
  -4.66971706120e+000
  -8.28817892045e+000
  -1.19051188319e+001
  -1.55203033141e+001
  -1.91334551002e+001
  -2.27442406876e+001
  -2.63522537184e+001
  -2.99569923886e+001
  -3.35578281565e+001
  -3.71539615118e+001
  -4.07443580428e+001
  -4.43276536907e+001
  -4.79020102994e+001
  -5.14648880742e+001
  -5.50126732267e+001
  -5.85400404752e+001
  -6.20388004342e+001
  -6.54956707498e+001
  -6.88875826698e+001
  -7.21706266085e+001
  -7.52496516029e+001
  -7.78728201058e+001
  -7.90852082095e+001
  -6.94062514121e+001
  +7.36566561835e+001
  +7.88715213863e+001
  +7.72817153041e+001
  +7.45554795375e+001
  +7.14356517503e+001
  +6.81337614474e+001
  +6.47329379430e+001
  +6.12724983488e+001
  +5.77734570008e+001
  +5.42480728700e+001
  +5.07039865370e+001
  +4.71462150697e+001
  +4.35781961257e+001
  +4.00023711899e+001
  +3.64205291762e+001
  +3.28340180825e+001
  +2.92438804594e+001
  +2.56509430996e+001
  +2.20558782873e+001
  +1.84592468872e+001
  +1.48615295897e+001
  +1.12631503228e+001
  +7.66449447223e+000
  +4.06592371641e+000
  +4.67788777209e-001
  -3.12955890994e+000
  -6.72575575996e+000
  -1.03204140362e+001
  -1.39131084329e+001
  -1.75033602366e+001
  -2.10906177748e+001
  -2.46742313857e+001
  -2.82534203837e+001
  -3.18272282880e+001
  -3.53944606124e+001
  -3.89535962701e+001
  -4.25026581014e+001
  -4.60390182801e+001
  -4.95590965033e+001
  -5.30578747043e+001
  -5.65280831347e+001
  -5.99587648349e+001
  -6.33325836521e+001
  -6.66203739978e+001
  -6.97689586412e+001
  -7.26700333542e+001
  -7.50638932611e+001
  -7.61347959262e+001
  -7.13880480760e+001
  +3.35827988314e+001
  +7.42294991866e+001
  +7.58562233141e+001
  +7.41922138376e+001
  +7.15909787916e+001
  +6.85952575893e+001
  +6.53968579689e+001
  +6.20807506514e+001
  +5.86903577817e+001
  +5.52501889013e+001
  +5.17751359259e+001
  +4.82747788671e+001
  +4.47555700052e+001
  +4.12220236242e+001
  +3.76774024539e+001
  +3.41241330737e+001
  +3.05640676784e+001
  +2.69986549357e+001
  +2.34290550739e+001
  +1.98562197070e+001
  +1.62809488073e+001
  +1.27039325900e+001
  +9.12578333525e+000
  +5.54706051055e+000
  +1.96829154181e+000
  -1.61001003480e+000
  -5.18732766644e+000
  -8.76312491959e+000
  -1.23368274779e+001
  -1.59078026990e+001
  -1.94753351399e+001
  -2.30385959561e+001
  -2.65966032541e+001
  -3.01481691522e+001
  -3.36918271711e+001
  -3.72257300729e+001
  -4.07475023653e+001
  -4.42540214569e+001
  -4.77410830333e+001
  -5.12028716872e+001
  -5.46310898119e+001
  -5.80134558592e+001
  -6.13309659528e+001
  -6.45525422171e+001
  -6.76236112635e+001
  -7.04387259521e+001
  -7.27644330424e+001
  -7.39620507922e+001
  -7.14653244523e+001
  -3.85855277704e+001
  +6.41502397475e+001
  +7.33389129822e+001
  +7.34298494803e+001
  +7.15593913059e+001
  +6.89568482134e+001
  +6.60028223401e+001
  +6.28533771648e+001
  +5.95842764036e+001
  +5.62367396415e+001
  +5.28351237225e+001
  +4.93947567756e+001
  +4.59257786185e+001
  +4.24351765262e+001
  +3.89279339650e+001
  +3.54077129094e+001
  +3.18772769637e+001
  +2.83387636521e+001
  +2.47938654634e+001
  +2.12439538614e+001
  +1.76901666650e+001
  +1.41334713891e+001
  +1.05747125744e+001
  +7.01464839548e+000
  +3.45398016469e+000
  -1.06622678651e-001
  -3.66650011873e+000
  -7.22498001626e+000
  -1.07813559528e+001
  -1.43348628969e+001
  -1.78846488705e+001
  -2.14297403017e+001
  -2.49689979228e+001
  -2.85010587327e+001
  -3.20242573931e+001
  -3.55365169231e+001
  -3.90351927209e+001
  -4.25168439607e+001
  -4.59768887303e+001
  -4.94090667428e+001
  -5.28045707631e+001
  -5.61505805003e+001
  -5.94276568735e+001
  -6.26048097676e+001
  -6.56293956557e+001
  -6.84042005171e+001
  -7.07277488135e+001
  -7.21045287669e+001
  -7.09150251859e+001
  -5.77189153326e+001
  +3.81112552732e+001
  +6.86585011424e+001
  +7.19744128807e+001
  +7.12108357959e+001
  +6.91442583506e+001
  +6.65016275522e+001
  +6.35547072437e+001
  +6.04278469694e+001
  +5.71859534691e+001
  +5.38662172991e+001
  +5.04914897848e+001
  +4.70765990885e+001
  +4.36316009239e+001
  +4.01635695257e+001
  +3.66776405360e+001
  +3.31776469139e+001
  +2.96665222006e+001
  +2.61465651457e+001
  +2.26196187625e+001
  +1.90871949881e+001
  +1.55505639208e+001
  +1.20108195713e+001
  +8.46892987796e+000
  +4.92577619698e+000
  +1.38218591503e+000
  -2.16103912047e+000
  -5.70309621326e+000
  -9.24315559959e+000
  -1.27803325617e+001
  -1.63136558484e+001
  -1.98420299302e+001
  -2.33641878309e+001
  -2.68786299802e+001
  -3.03835424592e+001
  -3.38766846405e+001
  -3.73552306834e+001
  -4.08155399705e+001
  -4.42528152327e+001
  -4.76605775515e+001
  -5.10298316590e+001
  -5.43476843329e+001
  -5.75949460544e+001
  -6.07417212717e+001
  -6.37387026658e+001
  -6.64983549410e+001
  -6.88490725601e+001
  -7.04032159462e+001
  -7.00686856090e+001
  -6.32728358745e+001
  -1.18368517626e+001
  +5.94592593134e+001
  +6.93722393477e+001
  +7.03892235087e+001
  +6.90841636115e+001
  +6.68516543561e+001
  +6.41580073130e+001
  +6.12023935335e+001
  +5.80840035005e+001
  +5.48577578764e+001
  +5.15565291485e+001
  +4.82012086954e+001
  +4.48057241581e+001
  +4.13797334007e+001
  +3.79301602900e+001
  +3.44621145849e+001
  +3.09794663937e+001
  +2.74852180578e+001
  +2.39817526884e+001
  +2.04710051738e+001
  +1.69545831528e+001
  +1.34338550208e+001
  +9.91001590250e+000
  +6.38413883089e+000
  +2.85721610692e+000
  -6.69805580278e-001
  -4.19599352789e+000
  -7.72039859764e+000
  -1.12420238680e+001
  -1.47597901333e+001
  -1.82724956474e+001
  -2.17787667920e+001
  -2.52769951394e+001
  -2.87652544270e+001
  -3.22411878121e+001
  -3.57018506337e+001
  -3.91434853112e+001
  -4.25611902397e+001
  -4.59484182607e+001
  -4.92961916437e+001
  -5.25918262109e+001
  -5.58167641812e+001
  -5.89426937637e+001
  -6.19241382767e+001
  -6.46831098593e+001
  -6.70738159791e+001
  -6.87891025131e+001
  -6.90561596411e+001
  -6.52701537444e+001
  -4.24566427553e+001
  +4.02284407148e+001
  +6.47886193726e+001
  +6.88610108594e+001
  +6.86818327554e+001
</dep>
<dep dBS21 frequency>
  -8.13924273550e-003
  -1.18340725959e-002
  -1.47976869189e-002
  -1.73827962278e-002
  -1.97260199742e-002
  -2.18974249306e-002
  -2.39386339734e-002
  -2.58767667095e-002
  -2.77306604819e-002
  -2.95140306457e-002
  -3.12372311858e-002
  -3.29083061187e-002
  -3.45336524283e-002
  -3.61184567647e-002
  -3.76669936712e-002
  -3.91828354992e-002
  -4.06690040146e-002
  -4.21280823480e-002
  -4.35622992747e-002
  -4.49735937517e-002
  -4.63636650851e-002
  -4.77340124563e-002
  -4.90859664407e-002
  -5.04207144187e-002
  -5.17393212640e-002
  -5.30427463406e-002
  -5.43318575839e-002
  -5.56074432528e-002
  -5.68702218084e-002
  -5.81208502724e-002
  -5.93599313399e-002
  -6.05880194678e-002
  -6.18056261131e-002
  -6.30132242614e-002
  -6.42112523608e-002
  -6.54001177519e-002
  -6.65801996737e-002
  -6.77518519041e-002
  -6.89154050916e-002
  -7.00711688176e-002
  -7.12194334299e-002
  -7.23604716746e-002
  -7.34945401548e-002
  -7.46218806378e-002
  -7.57427212282e-002
  -7.68572774257e-002
  -7.79657530786e-002
  -7.90683412477e-002
  -8.01652249885e-002
  -8.12565780627e-002
  -8.23425655855e-002
  -8.34233446165e-002
  -8.44990646992e-002
  -8.55698683550e-002
  -8.66358915367e-002
  -8.76972640442e-002
  -8.87541099081e-002
  -8.98065477417e-002
  -9.08546910671e-002
  -9.18986486158e-002
  -9.29385246071e-002
  -9.39744190059e-002
  -9.50064277619e-002
  -9.60346430320e-002
  -9.70591533868e-002
  -9.80800440031e-002
  -9.90973968431e-002
  -1.00111290822e-001
  -1.01121801963e-001
  -1.02129003546e-001
  -1.03132966243e-001
  -1.04133758244e-001
  -1.05131445381e-001
  -1.06126091238e-001
  -1.07117757260e-001
  -1.08106502848e-001
  -1.09092385456e-001
  -1.10075460679e-001
  -1.11055782336e-001
  -1.12033402547e-001
  -1.13008371810e-001
  -1.13980739066e-001
  -1.14950551772e-001
  -1.15917855957e-001
  -1.16882696285e-001
  -1.17845116111e-001
  -1.18805157532e-001
  -1.19762861440e-001
  -1.20718267567e-001
  -1.21671414533e-001
  -1.22622339888e-001
  -1.23571080152e-001
  -1.24517670858e-001
  -1.25462146583e-001
  -1.26404540990e-001
  -1.27344886855e-001
  -1.28283216106e-001
  -1.29219559849e-001
  -1.30153948396e-001
  -1.31086411299e-001
  -1.32016977371e-001
  -1.32945674715e-001
  -1.33872530744e-001
  -1.34797572211e-001
  -1.35720825225e-001
  -1.36642315275e-001
  -1.37562067251e-001
  -1.38480105462e-001
  -1.39396453656e-001
  -1.40311135038e-001
  -1.41224172285e-001
  -1.42135587567e-001
  -1.43045402558e-001
  -1.43953638454e-001
  -1.44860315989e-001
  -1.45765455445e-001
  -1.46669076669e-001
  -1.47571199083e-001
  -1.48471841701e-001
  -1.49371023138e-001
  -1.50268761619e-001
  -1.51165074997e-001
  -1.52059980758e-001
  -1.52953496033e-001
  -1.53845637609e-001
  -1.54736421939e-001
  -1.55625865147e-001
  -1.56513983044e-001
  -1.57400791130e-001
  -1.58286304607e-001
  -1.59170538383e-001
  -1.60053507086e-001
  -1.60935225062e-001
  -1.61815706393e-001
  -1.62694964895e-001
  -1.63573014131e-001
  -1.64449867414e-001
  -1.65325537816e-001
  -1.66200038169e-001
  -1.67073381079e-001
  -1.67945578925e-001
  -1.68816643866e-001
  -1.69686587850e-001
  -1.70555422614e-001
  -1.71423159692e-001
  -1.72289810422e-001
  -1.73155385945e-001
  -1.74019897214e-001
  -1.74883354997e-001
  -1.75745769883e-001
  -1.76607152283e-001
  -1.77467512437e-001
  -1.78326860416e-001
  -1.79185206128e-001
  -1.80042559319e-001
  -1.80898929579e-001
  -1.81754326344e-001
  -1.82608758900e-001
  -1.83462236387e-001
  -1.84314767801e-001
  -1.85166361997e-001
  -1.86017027694e-001
  -1.86866773476e-001
  -1.87715607795e-001
  -1.88563538976e-001
  -1.89410575216e-001
  -1.90256724590e-001
  -1.91101995052e-001
  -1.91946394438e-001
  -1.92789930468e-001
  -1.93632610748e-001
  -1.94474442775e-001
  -1.95315433935e-001
  -1.96155591509e-001
  -1.96994922672e-001
  -1.97833434498e-001
  -1.98671133960e-001
  -1.99508027932e-001
  -2.00344123194e-001
  -2.01179426430e-001
  -2.02013944229e-001
  -2.02847683093e-001
  -2.03680649433e-001
  -2.04512849572e-001
  -2.05344289748e-001
  -2.06174976115e-001
  -2.07004914743e-001
  -2.07834111623e-001
  -2.08662572666e-001
  -2.09490303703e-001
  -2.10317310490e-001
  -2.11143598708e-001
  -2.11969173964e-001
  -2.12794041791e-001
  -2.13618207652e-001
  -2.14441676940e-001
  -2.15264454980e-001
  -2.16086547027e-001
  -2.16907958273e-001
  -2.17728693843e-001
  -2.18548758798e-001
  -2.19368158136e-001
  -2.20186896794e-001
  -2.21004979648e-001
  -2.21822411514e-001
  -2.22639197150e-001
  -2.23455341255e-001
  -2.24270848472e-001
  -2.25085723390e-001
  -2.25899970540e-001
  -2.26713594402e-001
  -2.27526599400e-001
  -2.28338989910e-001
  -2.29150770252e-001
  -2.29961944699e-001
  -2.30772517473e-001
  -2.31582492747e-001
  -2.32391874648e-001
  -2.33200667252e-001
  -2.34008874593e-001
  -2.34816500655e-001
  -2.35623549379e-001
  -2.36430024663e-001
  -2.37235930359e-001
  -2.38041270277e-001
  -2.38846048184e-001
  -2.39650267808e-001
  -2.40453932832e-001
  -2.41257046902e-001
  -2.42059613622e-001
  -2.42861636559e-001
  -2.43663119240e-001
  -2.44464065154e-001
  -2.45264477753e-001
  -2.46064360452e-001
  -2.46863716630e-001
  -2.47662549629e-001
  -2.48460862759e-001
  -2.49258659292e-001
  -2.50055942466e-001
  -2.50852715488e-001
  -2.51648981529e-001
  -2.52444743727e-001
  -2.53240005191e-001
  -2.54034768996e-001
  -2.54829038185e-001
  -2.55622815771e-001
  -2.56416104736e-001
  -2.57208908034e-001
  -2.58001228586e-001
  -2.58793069287e-001
  -2.59584433001e-001
  -2.60375322564e-001
  -2.61165740786e-001
  -2.61955690446e-001
  -2.62745174298e-001
  -2.63534195069e-001
  -2.64322755460e-001
  -2.65110858143e-001
  -2.65898505767e-001
  -2.66685700956e-001
  -2.67472446306e-001
  -2.68258744391e-001
  -2.69044597759e-001
  -2.69830008935e-001
  -2.70614980419e-001
  -2.71399514688e-001
  -2.72183614196e-001
  -2.72967281375e-001
  -2.73750518632e-001
  -2.74533328354e-001
  -2.75315712906e-001
  -2.76097674629e-001
  -2.76879215846e-001
  -2.77660338855e-001
  -2.78441045937e-001
  -2.79221339348e-001
  -2.80001221329e-001
  -2.80780694095e-001
  -2.81559759847e-001
  -2.82338420762e-001
  -2.83116678999e-001
  -2.83894536699e-001
  -2.84671995982e-001
  -2.85449058951e-001
  -2.86225727691e-001
  -2.87002004266e-001
  -2.87777890726e-001
  -2.88553389100e-001
  -2.89328501400e-001
  -2.90103229623e-001
  -2.90877575745e-001
  -2.91651541729e-001
  -2.92425129519e-001
  -2.93198341042e-001
  -2.93971178211e-001
  -2.94743642921e-001
  -2.95515737051e-001
  -2.96287462465e-001
  -2.97058821011e-001
</dep>
<dep dBS11 frequency>
  -1.33846967171e+002
  -1.27848067427e+002
  -1.24358657896e+002
  -1.21903632889e+002
  -1.20020764674e+002
  -1.18504226567e+002
  -1.17244288714e+002
  -1.16175519183e+002
  -1.15255783012e+002
  -1.14456383958e+002
  -1.13756930929e+002
  -1.13142448572e+002
  -1.12601649455e+002
  -1.12125849530e+002
  -1.11708259940e+002
  -1.11343509258e+002
  -1.11027312375e+002
  -1.10756235954e+002
  -1.10527529373e+002
  -1.10339001374e+002
  -1.10188929469e+002
  -1.10075993493e+002
  -1.09999227517e+002
  -1.09957986209e+002
  -1.09951923101e+002
  -1.09980979141e+002
  -1.10045380746e+002
  -1.10145647206e+002
  -1.10282607954e+002
  -1.10457430962e+002
  -1.10671664362e+002
  -1.10927294601e+002
  -1.11226826005e+002
  -1.11573389048e+002
  -1.11970888191e+002
  -1.12424205775e+002
  -1.12939487554e+002
  -1.13524550590e+002
  -1.14189480522e+002
  -1.14947532799e+002
  -1.15816542806e+002
  -1.16821232125e+002
  -1.17997192679e+002
  -1.19398263736e+002
  -1.21111488053e+002
  -1.23291449095e+002
  -1.26254936264e+002
  -1.30834868124e+002
  -1.40959508422e+002
  -1.38377712859e+002
  -1.29919164872e+002
  -1.25708974129e+002
  -1.22907835306e+002
  -1.20820158424e+002
  -1.19167234668e+002
  -1.17809216057e+002
  -1.16665958214e+002
  -1.15687281857e+002
  -1.14839718030e+002
  -1.14099862106e+002
  -1.13450739825e+002
  -1.12879683360e+002
  -1.12377022588e+002
  -1.11935243378e+002
  -1.11548426832e+002
  -1.11211864693e+002
  -1.10921789165e+002
  -1.10675179449e+002
  -1.10469621195e+002
  -1.10303203453e+002
  -1.10174442965e+002
  -1.10082228942e+002
  -1.10025783745e+002
  -1.10004636393e+002
  -1.10018606921e+002
  -1.10067800485e+002
  -1.10152610792e+002
  -1.10273733087e+002
  -1.10432187632e+002
  -1.10629355395e+002
  -1.10867028693e+002
  -1.11147480924e+002
  -1.11473561545e+002
  -1.11848825429e+002
  -1.12277710372e+002
  -1.12765783881e+002
  -1.13320092469e+002
  -1.13949667341e+002
  -1.14666276952e+002
  -1.15485584948e+002
  -1.16429005385e+002
  -1.17526826360e+002
  -1.18823806029e+002
  -1.20390030553e+002
  -1.22344350770e+002
  -1.24913184411e+002
  -1.28616512084e+002
  -1.35156416287e+002
  -1.44870792943e+002
  -1.32505403178e+002
  -1.27251069312e+002
  -1.24006219462e+002
  -1.21672388361e+002
  -1.19862030308e+002
  -1.18393922977e+002
  -1.17168782555e+002
  -1.16126361560e+002
  -1.15227388445e+002
  -1.14444877194e+002
  -1.13759521402e+002
  -1.13157067354e+002
  -1.12626726919e+002
  -1.12160173145e+002
  -1.11750879996e+002
  -1.11393674481e+002
  -1.11084424884e+002
  -1.10819819107e+002
  -1.10597204472e+002
  -1.10414470624e+002
  -1.10269963466e+002
  -1.10162422092e+002
  -1.10090933304e+002
  -1.10054900062e+002
  -1.10054021489e+002
  -1.10088282985e+002
  -1.10157955740e+002
  -1.10263605615e+002
  -1.10406112031e+002
  -1.10586698202e+002
  -1.10806975010e+002
  -1.11069001987e+002
  -1.11375370617e+002
  -1.11729317630e+002
  -1.12134879847e+002
  -1.12597108066e+002
  -1.13122367245e+002
  -1.13718766538e+002
  -1.14396791101e+002
  -1.15170259239e+002
  -1.16057827079e+002
  -1.17085463117e+002
  -1.18290751252e+002
  -1.19730920891e+002
  -1.21499280116e+002
  -1.23763356814e+002
  -1.26871193396e+002
  -1.31747065076e+002
  -1.41781830748e+002
  -1.35896677478e+002
  -1.29073081230e+002
  -1.25240239345e+002
  -1.22603474729e+002
  -1.20607861019e+002
  -1.19014048931e+002
  -1.17697420556e+002
  -1.16584947207e+002
  -1.15630215865e+002
  -1.14801937056e+002
  -1.14078055174e+002
  -1.13442476225e+002
  -1.12883131895e+002
  -1.12390775184e+002
  -1.11958199845e+002
  -1.11579717110e+002
  -1.11250794950e+002
  -1.10967803617e+002
  -1.10727832827e+002
  -1.10528558649e+002
  -1.10368145780e+002
  -1.10245175751e+002
  -1.10158594683e+002
  -1.10107676296e+002
  -1.10091997332e+002
  -1.10111423561e+002
  -1.10166105394e+002
  -1.10256482778e+002
  -1.10383299732e+002
  -1.10547629546e+002
  -1.10750912498e+002
  -1.10995009024e+002
  -1.11282272692e+002
  -1.11615649507e+002
  -1.11998813197e+002
  -1.12436351058e+002
  -1.12934022803e+002
  -1.13499127790e+002
  -1.14141038192e+002
  -1.14871995149e+002
  -1.15708338635e+002
  -1.16672486970e+002
  -1.17796287430e+002
  -1.19127055531e+002
  -1.20739373530e+002
  -1.22760739903e+002
  -1.25436257584e+002
  -1.29331412281e+002
  -1.36165963300e+002
  -1.39975514401e+002
  -1.31280448292e+002
  -1.26649020209e+002
  -1.23632221610e+002
  -1.21415668946e+002
  -1.19676890424e+002
  -1.18257244728e+002
  -1.17067292826e+002
  -1.16051752910e+002
  -1.15174126407e+002
  -1.14409097056e+002
  -1.13738424280e+002
  -1.13148567213e+002
  -1.12629233197e+002
  -1.12172451063e+002
  -1.11771957585e+002
  -1.11422778869e+002
  -1.11120937572e+002
  -1.10863243960e+002
  -1.10647144468e+002
  -1.10470610797e+002
  -1.10332058350e+002
  -1.10230286538e+002
  -1.10164435893e+002
  -1.10133958607e+002
  -1.10138600286e+002
  -1.10178391622e+002
  -1.10253649375e+002
  -1.10364986753e+002
  -1.10513333909e+002
  -1.10699970036e+002
  -1.10926569497e+002
  -1.11195265662e+002
  -1.11508737940e+002
  -1.11870330134e+002
  -1.12284212294e+002
  -1.12755604607e+002
  -1.13291092229e+002
  -1.13899077399e+002
  -1.14590445608e+002
  -1.15379578182e+002
  -1.16285950188e+002
  -1.17336769668e+002
  -1.18571589020e+002
  -1.20050954100e+002
  -1.21874186993e+002
  -1.24220739655e+002
  -1.27464240550e+002
  -1.32562035109e+002
  -1.40579244254e+002
  -1.33984358566e+002
  -1.28282731760e+002
  -1.24780840222e+002
  -1.22297170009e+002
  -1.20389514980e+002
  -1.18852971518e+002
  -1.17576801253e+002
  -1.16494610118e+002
  -1.15563547986e+002
  -1.14754407724e+002
  -1.14046431900e+002
  -1.13424378217e+002
  -1.12876760876e+002
  -1.12394745414e+002
  -1.11971426628e+002
  -1.11601341305e+002
  -1.11280130520e+002
  -1.11004300378e+002
  -1.10771049555e+002
  -1.10578143417e+002
  -1.10423821493e+002
  -1.10306729513e+002
  -1.10225870080e+002
  -1.10180567975e+002
  -1.10170447463e+002
  -1.10195419930e+002
  -1.10255680986e+002
  -1.10351716834e+002
  -1.10484320332e+002
  -1.10654617923e+002
  -1.10864109384e+002
  -1.11114723521e+002
  -1.11408894405e+002
  -1.11749665006e+002
  -1.12140828419e+002
  -1.12587122062e+002
  -1.13094498581e+002
  -1.13670510961e+002
  -1.14324873044e+002
  -1.15070298879e+002
  -1.15923803464e+002
  -1.16908803737e+002
  -1.18058688176e+002
  -1.19423274869e+002
  -1.21081465561e+002
  -1.23168754608e+002
  -1.25945869541e+002
  -1.30001560949e+002
  -1.36693103290e+002
  -1.37008069082e+002
  -1.30202060171e+002
  -1.26077086983e+002
  -1.23266288354e+002
</dep>
<dep S[1,1] frequency>
  +1.58821596950e-008+j2.02450727735e-007
  +5.56492864264e-008+j4.01291858046e-007
  +1.20003658905e-007+j5.93422239625e-007
  +2.08018576529e-007+j7.75785172942e-007
  +3.18308964393e-007+j9.45467911855e-007
  +4.49108173457e-007+j1.09975696223e-006
  +5.98310293730e-007+j1.23618471358e-006
  +7.63509179861e-007+j1.35257046207e-006
  +9.42039533061e-007+j1.44705614402e-006
  +1.13102105632e-006+j1.51813654890e-006
  +1.32740556426e-006+j1.56468367172e-006
  +1.52802653200e-006+j1.58596488345e-006
  +1.72965039600e-006+j1.58165466545e-006
  +1.92902883560e-006+j1.55183974147e-006
  +2.12295122233e-006+j1.49701753956e-006
  +2.30829640854e-006+j1.41808801878e-006
  +2.48208303081e-006+j1.31633900048e-006
  +2.64151752416e-006+j1.19342524632e-006
  +2.78403907809e-006+j1.05134162553e-006
  +2.90736081353e-006+j8.92390807998e-007
  +3.00950652037e-006+j7.19146007538e-007
  +3.08884236662e-006+j5.34409379013e-007
  +3.14410307087e-006+j3.41166742513e-007
  +3.17441211942e-006+j1.42539366591e-007
  +3.17929570515e-006-j5.82664104225e-008
  +3.15869016660e-006-j2.58010907623e-007
  +3.11294281052e-006-j4.53473342461e-007
  +3.04280610776e-006-j6.41503742778e-007
  +2.94942535931e-006-j8.19073693017e-007
  +2.83432003440e-006-j9.83325096854e-007
  +2.69935908442e-006-j1.13161617089e-006
  +2.54673063372e-006-j1.26156392904e-006
  +2.37890653833e-006-j1.37108247407e-006
  +2.19860238665e-006-j1.45841648099e-006
  +2.00873358911e-006-j1.52216933426e-006
  +1.81236826659e-006-j1.56132546777e-006
  +1.61267769886e-006-j1.57526654995e-006
  +1.41288513305e-006-j1.56378125577e-006
  +1.21621377851e-006-j1.52706847098e-006
  +1.02583482696e-006-j1.46573388002e-006
  +8.44816336204e-007-j1.38077999551e-006
  +6.76073801205e-007-j1.27358979317e-006
  +5.22323209002e-007-j1.14590421896e-006
  +3.86037333260e-007-j9.99793934007e-007
  +2.69405971863e-007-j8.37625755552e-007
  +1.74300766966e-007-j6.62024337561e-007
  +1.02245172774e-007-j4.75829711149e-007
  +5.43900530404e-008-j2.82051371457e-007
  +3.14952992632e-008-j8.38196530004e-008
  +3.39177632968e-008+j1.15664821056e-007
  +6.16056961344e-008+j3.13182799560e-007
  +1.14099779591e-007+j5.05548340270e-007
  +1.90540731256e-007+j6.89660185226e-007
  +2.89683357084e-007+j8.62551746223e-007
  +4.09916822040e-007+j1.02143889483e-006
  +5.49290809063e-007+j1.16376478716e-006
  +7.05547141746e-007+j1.28724100169e-006
  +8.76156358234e-007+j1.38988432835e-006
  +1.05835864417e-006+j1.47004861747e-006
  +1.24920846255e-006+j1.52645117690e-006
  +1.44562215881e-006+j1.55819329427e-006
  +1.64442777219e-006+j1.56477455579e-006
  +1.84241624863e-006+j1.54610073343e-006
  +2.03639322872e-006+j1.50248511625e-006
  +2.22323057495e-006+j1.43464326721e-006
  +2.39991680728e-006+j1.34368129298e-006
  +2.56360563390e-006+j1.23107781898e-006
  +2.71166179521e-006+j1.09865996308e-006
  +2.84170348266e-006+j9.48573698156e-007
  +2.95164064978e-006+j7.83249084316e-007
  +3.03970859912e-006+j6.05360933615e-007
  +3.10449630537e-006+j4.17785544037e-007
  +3.14496902020e-006+j2.23554202336e-007
  +3.16048479656e-006+j2.58042072540e-008
  +3.15080466856e-006-j1.72271795692e-007
  +3.11609632557e-006-j3.67477349784e-007
  +3.05693122401e-006-j5.56663761282e-007
  +2.97427518637e-006-j7.36780880167e-007
  +2.86947264196e-006-j9.04926268586e-007
  +2.74422476629e-006-j1.05839196449e-006
  +2.60056187463e-006-j1.19470808709e-006
  +2.44081051733e-006-j1.31168258202e-006
  +2.26755581024e-006-j1.40743646666e-006
  +2.08359961001e-006-j1.48043400902e-006
  +1.89191521070e-006-j1.52950735540e-006
  +1.69559929418e-006-j1.55387521200e-006
  +1.49782191074e-006-j1.55315528149e-006
  +1.30177529759e-006-j1.52737025686e-006
  +1.11062236165e-006-j1.47694727821e-006
  +9.27445657817e-007-j1.40271086449e-006
  +7.55197685714e-007-j1.30586943661e-006
  +5.96653306237e-007-j1.18799565240e-006
  +4.54365044704e-007-j1.05100087320e-006
  +3.30622000522e-007-j8.97104176400e-007
  +2.27413024766e-007-j7.28796416547e-007
  +1.46394757988e-007-j5.48799916570e-007
  +8.88650418419e-008-j3.60024441585e-007
  +5.57421312655e-008-j1.65520167081e-007
  +4.75500401512e-008+j3.15715984232e-008
  +6.44102543606e-008+j2.28069140212e-007
  +1.06039943111e-007+j4.20801694670e-007
  +1.71756694858e-007+j6.06660608128e-007
  +2.60489698532e-007+j7.82649471937e-007
  +3.70797187010e-007+j9.45932425274e-007
  +5.00889858776e-007+j1.09387984710e-006
  +6.48659897352e-007+j1.22411070112e-006
  +8.11715117956e-007+j1.33453085195e-006
  +9.87417688290e-007+j1.42336673591e-006
  +1.17292679680e-006+j1.48919384507e-006
  +1.36524457834e-006+j1.53095956717e-006
  +1.56126455478e-006+j1.54800001523e-006
  +1.75782180814e-006+j1.54005057776e-006
  +1.95174407566e-006+j1.50725002189e-006
  +2.13990294231e-006+j1.45013808598e-006
  +2.31926430450e-006+j1.36964660323e-006
  +2.48693729108e-006+j1.26708430201e-006
  +2.64022085299e-006+j1.14411553104e-006
  +2.77664727062e-006+j1.00273325491e-006
  +2.89402187830e-006+j8.45226758241e-007
  +2.99045836631e-006+j6.74144581620e-007
  +3.06440909283e-006+j4.92253289377e-007
  +3.11468991852e-006+j3.02492736208e-007
  +3.14049916540e-006+j1.07928555852e-007
  +3.14143039645e-006-j8.82973603957e-008
  +3.11747881231e-006-j2.83017595462e-007
  +3.06904116428e-006-j4.73090329472e-007
  +2.99690918787e-006-j6.55450028847e-007
  +2.90225666531e-006-j8.27156883797e-007
  +2.78662032849e-006-j9.85444196980e-007
  +2.65187491283e-006-j1.12776295951e-006
  +2.50020276708e-006-j1.25182289614e-006
  +2.33405851164e-006-j1.35562931881e-006
  +2.15612931750e-006-j1.43751519545e-006
  +1.96929144875e-006-j1.49616791859e-006
  +1.77656377115e-006-j1.53065034401e-006
  +1.58105897843e-006-j1.54041576207e-006
  +1.38593332395e-006-j1.52531656274e-006
  +1.19433566982e-006-j1.48560645693e-006
  +1.00935667559e-006-j1.42193622094e-006
  +8.33978946537e-007-j1.33534303518e-006
  +6.71028945596e-007-j1.22723359183e-006
  +5.23131444097e-007-j1.09936124646e-006
  +3.92667245405e-007-j9.53797584700e-007
  +2.81734862301e-007-j7.92898864988e-007
  +1.92116764944e-007-j6.19267880888e-007
  +1.25250742231e-007-j4.35711860264e-007
  +8.22068366757e-008-j2.45197082204e-007
  +6.36702227847e-008-j5.08009453295e-008
  +6.99303028626e-008+j1.44337738040e-007
  +1.00876193761e-007+j3.37069419089e-007
  +1.55998674870e-007+j5.24284642921e-007
  +2.34398563381e-007+j7.02964211900e-007
  +3.34801379133e-007+j8.70227872699e-007
  +4.55578059936e-007+j1.02338074198e-006
  +5.94771390711e-007+j1.15995672247e-006
  +7.50127717725e-007+j1.27775820992e-006
  +9.19133434082e-007+j1.37489145178e-006
  +1.09905564584e-006+j1.44979698865e-006
  +1.28698636089e-006+j1.50127468914e-006
  +1.47988948615e-006+j1.52850297641e-006
  +1.67464987362e-006+j1.53105193824e-006
  +1.86812362295e-006+j1.50889011160e-006
  +2.05718882839e-006+j1.46238483454e-006
  +2.23879595108e-006+j1.39229616247e-006
  +2.41001700376e-006+j1.29976444917e-006
  +2.56809275494e-006+j1.18629179572e-006
  +2.71047719135e-006+j1.05371766889e-006
  +2.83487852231e-006+j9.04189084763e-007
  +2.93929606571e-006+j7.40125840831e-007
  +3.02205242186e-006+j5.64181359579e-007
  +3.08182041792e-006+j3.79199777064e-007
  +3.11764439010e-006+j1.88169970440e-007
  +3.12895546234e-006-j5.82273250694e-009
  +3.11558057727e-006-j1.99646381673e-007
  +3.07774513609e-006-j3.90172966099e-007
  +3.01606920730e-006-j5.74328892375e-007
  +2.93155736781e-006-j7.49144565439e-007
  +2.82558234289e-006-j9.11802272005e-007
  +2.69986271142e-006-j1.05968159457e-006
  +2.55643503828e-006-j1.19040162407e-006
  +2.39762088596e-006-j1.30185929121e-006
  +2.22598923955e-006-j1.39226319942e-006
  +2.04431495326e-006-j1.46016241512e-006
  +1.85553389061e-006-j1.50446975266e-006
  +1.66269548338e-006-j1.52447918027e-006
  +1.46891347595e-006-j1.51987706835e-006
  +1.27731565064e-006-j1.49074710101e-006
  +1.09099334555e-006-j1.43756877383e-006
  +9.12951579857e-007-j1.36120950477e-006
  +7.46060591085e-007-j1.26291048776e-006
  +5.93009565876e-007-j1.14426651972e-006
  +4.56263310134e-007-j1.00720012887e-006
  +3.38022556667e-007-j8.53930423917e-007
  +2.40188549471e-007-j6.86937168896e-007
  +1.64332474579e-007-j5.08920665164e-007
  +1.11670228951e-007-j3.22758089575e-007
  +8.30429325524e-008-j1.31456994763e-007
  +7.89034959557e-008+j6.18932769951e-008
  +9.93094579389e-008+j2.54171481484e-007
  +1.43922206302e-007+j4.42274856255e-007
  +2.12012592077e-007+j6.23169187060e-007
  +3.02472844117e-007+j7.93937749196e-007
  +4.13834589425e-007+j9.51828334345e-007
  +5.44292686118e-007+j1.09429760476e-006
  +6.91734482231e-007+j1.21905205998e-006
  +8.53774026154e-007+j1.32408495630e-006
  +1.02779067476e-006+j1.40770858459e-006
  +1.21097147454e-006+j1.46858138749e-006
  +1.40035663033e-006+j1.50572948008e-006
  +1.59288732687e-006+j1.51856222908e-006
  +1.78545513030e-006+j1.50688164110e-006
  +1.97495217207e-006+j1.47088541102e-006
  +2.15832130493e-006+j1.41116358344e-006
  +2.33260542156e-006+j1.32868888364e-006
  +2.49499514047e-006+j1.22480087635e-006
  +2.64287408997e-006+j1.10118421026e-006
  +2.77386106049e-006+j9.59841301696e-007
  +2.88584834604e-006+j8.03059900124e-007
  +2.97703565763e-006+j6.33376061079e-007
  +3.04595906283e-006+j4.53533125570e-007
  +3.09151448640e-006+j2.66437369516e-007
  +3.11297539469e-006+j7.51110401722e-008
  +3.11000438065e-006-j1.17356461599e-007
  +3.08265846468e-006-j3.07858464694e-007
  +3.03138802811e-006-j4.93321171363e-007
  +2.95702939895e-006-j6.70753251710e-007
  +2.86079121181e-006-j8.37294088952e-007
  +2.74423476445e-006-j9.90259897335e-007
  +2.60924869022e-006-j1.12718696926e-006
  +2.45801835721e-006-j1.24587135472e-006
  +2.29299048985e-006-j1.34440433406e-006
  +2.11683358573e-006-j1.42120311307e-006
  +1.93239476788e-006-j1.47503624692e-006
  +1.74265377035e-006-j1.50504338444e-006
  +1.55067480047e-006-j1.51074901639e-006
  +1.35955705562e-006-j1.49207000779e-006
  +1.17238469352e-006-j1.44931679531e-006
  +9.92177063545e-007-j1.38318823255e-006
  +8.21840002341e-007-j1.29476016875e-006
  +6.64118979106e-007-j1.18546794763e-006
  +5.21554846213e-007-j1.05708311090e-006
  +3.96442908221e-007-j9.11684684620e-007
  +2.90795968650e-007-j7.51625513800e-007
  +2.06311949409e-007-j5.79494190219e-007
  +1.44346603789e-007-j3.98073189640e-007
  +1.05891761504e-007-j2.10293895307e-007
  +9.15594548657e-008-j1.91892347493e-008
  +1.01572180118e-007+j1.72155304908e-007
  +1.35759448849e-007+j3.60651491977e-007
  +1.93560682856e-007+j5.43258191378e-007
  +2.74034403426e-007+j7.17030427561e-007
  +3.75873564447e-007+j8.79166877695e-007
  +4.97426779660e-007+j1.02705502921e-006
  +6.36725099334e-007+j1.15831327379e-006
  +7.91513902228e-007+j1.27082925959e-006
  +9.59289386278e-007+j1.36279388415e-006
  +1.13733906747e-006+j1.43273038086e-006
  +1.32278563181e-006+j1.47951803150e-006
  +1.51263343156e-006+j1.50241012410e-006
  +1.70381687429e-006+j1.50104586824e-006
  +1.89324992327e-006+j1.47545607791e-006
  +2.07787590981e-006+j1.42606253231e-006
  +2.25471685366e-006+j1.35367102722e-006
  +2.42092149564e-006+j1.25945823148e-006
  +2.57381126777e-006+j1.14495256271e-006
  +2.71092345979e-006+j1.01200939334e-006
  +2.83005088651e-006+j8.62780988858e-007
  +2.92927741687e-006+j6.99681665540e-007
  +3.00700879315e-006+j5.25348731579e-007
  +3.06199824427e-006+j3.42599843504e-007
  +3.09336648203e-006+j1.54387467391e-007
  +3.10061575938e-006-j3.62488191752e-008
  +3.08363776612e-006-j2.26231413825e-007
  +3.04271523669e-006-j4.12494372142e-007
  +2.97851724654e-006-j5.92032884391e-007
  +2.89208827498e-006-j7.61951747821e-007
  +2.78483121363e-006-j9.19512052649e-007
  +2.65848459649e-006-j1.06217532891e-006
  +2.51509442146e-006-j1.18764444261e-006
  +2.35698101981e-006-j1.29390058240e-006
  +2.18670151019e-006-j1.37923574116e-006
  +2.00700844462e-006-j1.44228016997e-006
  +1.82080531526e-006-j1.48202436324e-006
  +1.63109964108e-006-j1.49783522204e-006
  +1.44095439251e-006-j1.48946613691e-006
  +1.25343853851e-006-j1.45706082966e-006
  +1.07157751451e-006-j1.40115089427e-006
  +8.98304410600e-007-j1.32264707892e-006
  +7.36412667538e-007-j1.22282445207e-006
  +5.88511043373e-007-j1.10330169408e-006
  +4.56981576698e-007-j9.66014850842e-007
  +3.43941223862e-007-j8.13185974763e-007
  +2.51207787972e-007-j6.47287161202e-007
  +1.80270687997e-007-j4.71000562289e-007
  +1.32267038006e-007-j2.87175024919e-007
  +1.07963420711e-007-j9.87800539232e-008
  +1.07743647414e-007+j9.11421556635e-008
  +1.31602699802e-007+j2.79525842416e-007
  +1.79146949140e-007+j4.63331165212e-007
  +2.49600647104e-007+j6.39593254023e-007
</dep>
<dep S[1,2] frequency>
  +9.97045422177e-001-j6.34669307760e-002
  +9.90578253932e-001-j1.26623600016e-001
  +9.80198995647e-001-j1.89231165082e-001
  +9.65910447653e-001-j2.51042764967e-001
  +9.47755894625e-001-j3.11812411416e-001
  +9.25801774014e-001-j3.71297315773e-001
  +9.00133047079e-001-j4.29259347005e-001
  +8.70851264920e-001-j4.85466213447e-001
  +8.38073450182e-001-j5.39692517788e-001
  +8.01931265334e-001-j5.91720735307e-001
  +7.62570281021e-001-j6.41342134381e-001
  +7.20149268707e-001-j6.88357646520e-001
  +6.74839483977e-001-j7.32578688206e-001
  +6.26823924992e-001-j7.73827934455e-001
  +5.76296559176e-001-j8.11940042920e-001
  +5.23461515611e-001-j8.46762326828e-001
  +4.68532243022e-001-j8.78155374813e-001
  +4.11730634692e-001-j9.05993615675e-001
  +3.53286122489e-001-j9.30165826158e-001
  +2.93434742803e-001-j9.50575579947e-001
  +2.32418177561e-001-j9.67141636272e-001
  +1.70482773798e-001-j9.79798266697e-001
  +1.07878545449e-001-j9.88495518871e-001
  +4.48581611840e-002-j9.93199416277e-001
  -1.83240777638e-002-j9.93892093232e-001
  -8.14132657746e-002-j9.90571864659e-001
  -1.44154922946e-001-j9.83253230380e-001
  -2.06296023034e-001-j9.71966813976e-001
  -2.67586015127e-001-j9.56759236472e-001
  -3.27777834978e-001-j9.37692925403e-001
  -3.86628901922e-001-j9.14845860050e-001
  -4.43902097413e-001-j8.88311253901e-001
  -4.99366721219e-001-j8.58197175639e-001
  -5.52799421464e-001-j8.24626110213e-001
  -6.03985094755e-001-j7.87734461766e-001
  -6.52717752798e-001-j7.47672000467e-001
  -6.98801352006e-001-j7.04601255469e-001
  -7.42050582763e-001-j6.58696856483e-001
  -7.82291615189e-001-j6.10144826611e-001
  -8.19362798379e-001-j5.59141829337e-001
  -8.53115310341e-001-j5.05894372696e-001
  -8.83413755995e-001-j4.50617973867e-001
  -9.10136710844e-001-j3.93536287553e-001
  -9.33177208137e-001-j3.34880201693e-001
  -9.52443167563e-001-j2.74886904145e-001
  -9.67857763771e-001-j2.13798924132e-001
  -9.79359733222e-001-j1.51863152310e-001
  -9.86903618174e-001-j8.93298434299e-002
  -9.90459946803e-001-j2.64516056201e-002
  -9.90015348762e-001+j3.65176196333e-002
  -9.85572605726e-001+j9.93235826793e-002
  -9.77150636717e-001+j1.61712751935e-001
  -9.64784418302e-001+j2.23433337016e-001
  -9.48524839984e-001+j2.84236304624e-001
  -9.28438495392e-001+j3.43876383112e-001
  -9.04607410118e-001+j4.02113051658e-001
  -8.77128707324e-001+j4.58711510052e-001
  -8.46114212467e-001+j5.13443625213e-001
  -8.11689998764e-001+j5.66088850588e-001
  -7.73995875233e-001+j6.16435114744e-001
  -7.33184819394e-001+j6.64279675571e-001
  -6.89422356930e-001+j7.09429936654e-001
  -6.42885890819e-001+j7.51704222516e-001
  -5.93763982666e-001+j7.90932509625e-001
  -5.42255589127e-001+j8.26957110222e-001
  -4.88569256539e-001+j8.59633306199e-001
  -4.32922276997e-001+j8.88829930507e-001
  -3.75539809301e-001+j9.14429893737e-001
  -3.16653968330e-001+j9.36330653762e-001
  -2.56502886515e-001+j9.54444626567e-001
  -1.95329751224e-001+j9.68699536603e-001
  -1.33381821926e-001+j9.79038705277e-001
  -7.09094311319e-002+j9.85421276418e-001
  -8.16497311874e-003+j9.87822377825e-001
  +5.45981154469e-002+j9.86233218253e-001
  +1.17126378893e-001+j9.80661119467e-001
  +1.79167365789e-001+j9.71129483233e-001
  +2.40470647933e-001+j9.57677693407e-001
  +3.00788830956e-001+j9.40360953529e-001
  +3.59878552475e-001+j9.19250060569e-001
  +4.17501463765e-001+j8.94431115786e-001
  +4.73425190982e-001+j8.66005173851e-001
  +5.27424272081e-001+j8.34087831675e-001
  +5.79281065621e-001+j7.98808758612e-001
  +6.28786627825e-001+j7.60311169947e-001
  +6.75741554338e-001+j7.18751245801e-001
  +7.19956783303e-001+j6.74297497816e-001
  +7.61254356516e-001+j6.27130086183e-001
  +7.99468135597e-001+j5.77440089781e-001
  +8.34444470298e-001+j5.25428732381e-001
  +8.66042816246e-001+j4.71306568053e-001
  +8.94136299660e-001+j4.15292629071e-001
  +9.18612226749e-001+j3.57613539755e-001
  +9.39372535759e-001+j2.98502599849e-001
  +9.56334189856e-001+j2.38198841131e-001
  +9.69429509259e-001+j1.76946061073e-001
  +9.78606441310e-001+j1.14991837453e-001
  +9.83828767387e-001+j5.25865279110e-002
  +9.85076245852e-001-j1.00177415192e-002
  +9.82344690458e-001-j7.25680948155e-002
  +9.75645983912e-001-j1.34811927189e-001
  +9.65008026568e-001-j1.96497925007e-001
  +9.50474620442e-001-j2.57377080295e-001
  +9.32105289059e-001-j3.17203695725e-001
  +9.09975033848e-001-j3.75736376029e-001
  +8.84174028100e-001-j4.32739001850e-001
  +8.54807249725e-001-j4.87981682087e-001
  +8.21994054306e-001-j5.41241680902e-001
  +7.85867690185e-001-j5.92304315650e-001
  +7.46574757558e-001-j6.40963822111e-001
  +7.04274613760e-001-j6.87024183538e-001
  +6.59138727161e-001-j7.30299920180e-001
  +6.11349982295e-001-j7.70616836097e-001
  +5.61101939025e-001-j8.07812720272e-001
  +5.08598048754e-001-j8.41737999177e-001
  +4.54050830856e-001-j8.72256338194e-001
  +3.97681012655e-001-j8.99245189446e-001
  +3.39716636429e-001-j9.22596283856e-001
  +2.80392137062e-001-j9.42216065455e-001
  +2.19947394063e-001-j9.58026066181e-001
  +1.58626761791e-001-j9.69963219696e-001
  +9.66780818039e-002-j9.77980112933e-001
  +3.43516813242e-002-j9.82045174399e-001
  -2.81006381363e-002-j9.82142798464e-001
  -9.04266179014e-002-j9.78273405159e-001
  -1.52374560900e-001-j9.70453435253e-001
  -2.13694347964e-001-j9.58715280634e-001
  -2.74138447558e-001-j9.43107150297e-001
  -3.33462914856e-001-j9.23692872488e-001
  -3.91428376135e-001-j9.00551633811e-001
  -4.47800994523e-001-j8.73777656379e-001
  -5.02353413190e-001-j8.43479814302e-001
  -5.54865672193e-001-j8.09781191093e-001
  -6.05126095265e-001-j7.72818579783e-001
  -6.52932142981e-001-j7.32741927766e-001
  -6.98091228863e-001-j6.89713728641e-001
  -7.40421495130e-001-j6.43908363511e-001
  -7.79752544971e-001-j5.95511394404e-001
  -8.15926128398e-001-j5.44718812682e-001
  -8.48796778906e-001-j4.91736245487e-001
  -8.78232398395e-001-j4.36778123427e-001
  -9.04114787983e-001-j3.80066812878e-001
  -9.26340122599e-001-j3.21831716406e-001
  -9.44819367429e-001-j2.62308344951e-001
  -9.59478634560e-001-j2.01737365534e-001
  -9.70259478384e-001-j1.40363628315e-001
  -9.77119128588e-001-j7.84351769576e-002
  -9.80030659796e-001-j1.62022462869e-002
  -9.78983097192e-001+j4.60837487058e-002
  -9.73981457709e-001+j1.08171228428e-001
  -9.65046726634e-001+j1.69809464716e-001
  -9.52215769727e-001+j2.30749593235e-001
  -9.35541181233e-001+j2.90745618147e-001
  -9.15091068404e-001+j3.49555405013e-001
  -8.90948773414e-001+j4.06941657893e-001
  -8.63212533809e-001+j4.62672876734e-001
  -8.31995082866e-001+j5.16524291157e-001
  -7.97423191492e-001+j5.68278766889e-001
  -7.59637153524e-001+j6.17727681183e-001
  -7.18790216513e-001+j6.64671763699e-001
  -6.75047960311e-001+j7.08921899451e-001
  -6.28587625971e-001+j7.50299890591e-001
  -5.79597397688e-001+j7.88639173955e-001
  -5.28275640679e-001+j8.23785491492e-001
  -4.74830098101e-001+j8.55597510863e-001
  -4.19477050244e-001+j8.83947393728e-001
  -3.62440439417e-001+j9.08721309428e-001
  -3.03950964051e-001+j9.29819892000e-001
  -2.44245145695e-001+j9.47158638684e-001
  -1.83564372676e-001+j9.60668248340e-001
  -1.22153924282e-001+j9.70294898400e-001
  -6.02619794239e-002+j9.76000459262e-001
  +1.86138622727e-003+j9.77762645268e-001
  +6.39652105721e-002+j9.75575101664e-001
  +1.25798658800e-001+j9.69447427211e-001
  +1.87112036399e-001+j9.59405132360e-001
  +2.47657797372e-001+j9.45489533181e-001
  +3.07191543578e-001+j9.27757581475e-001
  +3.65473011179e-001+j9.06281631774e-001
  +4.22267040194e-001+j8.81149146187e-001
  +4.77344523264e-001+j8.52462338283e-001
  +5.30483329794e-001+j8.20337757469e-001
  +5.81469201737e-001+j7.84905815555e-001
  +6.30096617421e-001+j7.46310257417e-001
  +6.76169619932e-001+j7.04707577921e-001
  +7.19502606705e-001+j6.60266387462e-001
  +7.59921077157e-001+j6.13166728695e-001
  +7.97262335337e-001+j5.63599347222e-001
  +8.31376144776e-001+j5.11764919195e-001
  +8.62125332888e-001+j4.57873238961e-001
  +8.89386342502e-001+j4.02142370027e-001
  +9.13049728306e-001+j3.44797762800e-001
  +9.33020596194e-001+j2.86071342651e-001
  +9.49218983780e-001+j2.26200572004e-001
  +9.61580180523e-001+j1.65427490242e-001
  +9.70054986206e-001+j1.03997735303e-001
  +9.74609906719e-001+j4.21595509285e-002
  +9.75227286378e-001-j1.98372164223e-002
  +9.71905376255e-001-j8.17421269505e-002
  +9.64658338247e-001-j1.43305159097e-001
  +9.53516184896e-001-j2.04277719246e-001
  +9.38524655196e-001-j2.64413645475e-001
  +9.19745026917e-001-j3.23470201291e-001
  +8.97253866200e-001-j3.81209055353e-001
  +8.71142715464e-001-j4.37397243219e-001
  +8.41517720877e-001-j4.91808107239e-001
  +8.08499200925e-001-j5.44222210798e-001
  +7.72221157820e-001-j5.94428223234e-001
  +7.32830733733e-001-j6.42223771845e-001
  +6.90487614063e-001-j6.87416257566e-001
  +6.45363380160e-001-j7.29823631017e-001
  +5.97640814115e-001-j7.69275125807e-001
  +5.47513158457e-001-j8.05611946124e-001
  +4.95183333727e-001-j8.38687905858e-001
  +4.40863117119e-001-j8.68370016682e-001
  +3.84772285498e-001-j8.94539022711e-001
  +3.27137726274e-001-j9.17089879613e-001
  +2.68192519713e-001-j9.35932176228e-001
  +2.08174996422e-001-j9.50990497008e-001
  +1.47327773784e-001-j9.62204723838e-001
  +8.58967752765e-002-j9.69530276003e-001
  +2.41302366024e-002-j9.72938287371e-001
  -3.77222973232e-002-j9.72415720076e-001
  -9.94109804947e-002-j9.67965414246e-001
  -1.60686674967e-001-j9.59606073600e-001
  -2.21301956961e-001-j9.47372186982e-001
  -2.81012115860e-001-j9.31313886147e-001
  -3.39576142067e-001-j9.11496740406e-001
  -3.96757699732e-001-j8.88001488952e-001
  -4.52326080426e-001-j8.60923711975e-001
  -5.06057133907e-001-j8.30373441887e-001
  -5.57734172236e-001-j7.96474716264e-001
  -6.07148843583e-001-j7.59365074288e-001
  -6.54101972211e-001-j7.19194998771e-001
  -6.98404361237e-001-j6.76127305988e-001
  -7.39877554955e-001-j6.30336485816e-001
  -7.78354557630e-001-j5.82007994849e-001
  -8.13680505877e-001-j5.31337505346e-001
  -8.45713291925e-001-j4.78530113055e-001
  -8.74324135237e-001-j4.23799507128e-001
  -8.99398100213e-001-j3.67367105476e-001
  -9.20834557870e-001-j3.09461159068e-001
  -9.38547589666e-001-j2.50315828791e-001
  -9.52466331832e-001-j1.90170238621e-001
  -9.62535258835e-001-j1.29267508905e-001
  -9.68714404854e-001-j6.78537736932e-002
  -9.70979522354e-001-j6.17718606536e-003
  -9.69322177165e-001+j5.55130845071e-002
  -9.63749779668e-001+j1.16967858728e-001
  -9.54285551978e-001+j1.77938953897e-001
  -9.40968431282e-001+j2.38180186125e-001
  -9.23852909716e-001+j2.97448364296e-001
  -9.03008811452e-001+j3.55504271756e-001
  -8.78521007896e-001+j4.12113631777e-001
  -8.50489072167e-001+j4.67048052897e-001
  -8.19026874264e-001+j5.20085950312e-001
  -7.84262118557e-001+j5.71013439613e-001
  -7.46335825490e-001+j6.19625199268e-001
  -7.05401759593e-001+j6.65725298354e-001
  -6.61625806130e-001+j7.09127986215e-001
  -6.15185298903e-001+j7.49658440866e-001
  -5.66268301934e-001+j7.87153473117e-001
  -5.15072847946e-001+j8.21462183588e-001
  -4.61806136713e-001+j8.52446569972e-001
  -4.06683696533e-001+j8.79982082093e-001
  -3.49928512211e-001+j9.03958122538e-001
  -2.91770123084e-001+j9.24278490843e-001
  -2.32443694737e-001+j9.40861769453e-001
  -1.72189068158e-001+j9.53641649903e-001
  -1.11249790187e-001+j9.62567197919e-001
  -4.98721291584e-002+j9.67603056379e-001
  +1.16959202544e-002+j9.68729585319e-001
  +7.32056390036e-002+j9.65942938431e-001
  +1.34408588370e-001+j9.59255075770e-001
  +1.95057613355e-001+j9.48693712606e-001
  +2.54907840710e-001+j9.34302204657e-001
  +3.13717667571e-001+j9.16139370173e-001
  +3.71249736706e-001+j8.94279249597e-001
  +4.27271894443e-001+j8.68810803788e-001
  +4.81558127404e-001+j8.39837552041e-001
  +5.33889474285e-001+j8.07477151362e-001
  +5.84054908973e-001+j7.71860918726e-001
  +6.31852191470e-001+j7.33133298243e-001
  +6.77088683171e-001+j6.91451275400e-001
  +7.19582123223e-001+j6.46983740758e-001
  +7.59161362824e-001+j5.99910805673e-001
  +7.95667054514e-001+j5.50423072822e-001
  +8.28952293685e-001+j4.98720864482e-001
  +8.58883209705e-001+j4.45013411696e-001
  +8.85339504311e-001+j3.89518007593e-001
  +9.08214935076e-001+j3.32459128302e-001
  +9.27417742027e-001+j2.74067525008e-001
  +9.42871015685e-001+j2.14579290823e-001
  +9.54513005071e-001+j1.54234906250e-001
  +9.62297364423e-001+j9.32782670985e-002
  +9.66193337651e-001+j3.19556987661e-002
  +9.66185879798e-001-j2.94850391032e-002
  +9.62275715014e-001-j9.07957535877e-002
  +9.54479330838e-001-j1.51728821025e-001
  +9.42828908808e-001-j2.12038187072e-001
</dep>
<dep S[2,1] frequency>
  +9.97045422177e-001-j6.34669307760e-002
  +9.90578253932e-001-j1.26623600016e-001
  +9.80198995647e-001-j1.89231165082e-001
  +9.65910447653e-001-j2.51042764967e-001
  +9.47755894625e-001-j3.11812411416e-001
  +9.25801774014e-001-j3.71297315773e-001
  +9.00133047079e-001-j4.29259347005e-001
  +8.70851264920e-001-j4.85466213447e-001
  +8.38073450182e-001-j5.39692517788e-001
  +8.01931265334e-001-j5.91720735307e-001
  +7.62570281021e-001-j6.41342134381e-001
  +7.20149268707e-001-j6.88357646520e-001
  +6.74839483977e-001-j7.32578688206e-001
  +6.26823924992e-001-j7.73827934455e-001
  +5.76296559176e-001-j8.11940042920e-001
  +5.23461515611e-001-j8.46762326828e-001
  +4.68532243022e-001-j8.78155374813e-001
  +4.11730634692e-001-j9.05993615675e-001
  +3.53286122489e-001-j9.30165826158e-001
  +2.93434742803e-001-j9.50575579947e-001
  +2.32418177561e-001-j9.67141636272e-001
  +1.70482773798e-001-j9.79798266697e-001
  +1.07878545449e-001-j9.88495518871e-001
  +4.48581611840e-002-j9.93199416277e-001
  -1.83240777638e-002-j9.93892093232e-001
  -8.14132657746e-002-j9.90571864659e-001
  -1.44154922946e-001-j9.83253230380e-001
  -2.06296023034e-001-j9.71966813976e-001
  -2.67586015127e-001-j9.56759236472e-001
  -3.27777834978e-001-j9.37692925403e-001
  -3.86628901922e-001-j9.14845860050e-001
  -4.43902097413e-001-j8.88311253901e-001
  -4.99366721219e-001-j8.58197175639e-001
  -5.52799421464e-001-j8.24626110213e-001
  -6.03985094755e-001-j7.87734461766e-001
  -6.52717752798e-001-j7.47672000467e-001
  -6.98801352006e-001-j7.04601255469e-001
  -7.42050582763e-001-j6.58696856483e-001
  -7.82291615189e-001-j6.10144826611e-001
  -8.19362798379e-001-j5.59141829337e-001
  -8.53115310341e-001-j5.05894372696e-001
  -8.83413755995e-001-j4.50617973867e-001
  -9.10136710844e-001-j3.93536287553e-001
  -9.33177208137e-001-j3.34880201693e-001
  -9.52443167563e-001-j2.74886904145e-001
  -9.67857763771e-001-j2.13798924132e-001
  -9.79359733222e-001-j1.51863152310e-001
  -9.86903618174e-001-j8.93298434299e-002
  -9.90459946803e-001-j2.64516056201e-002
  -9.90015348762e-001+j3.65176196333e-002
  -9.85572605726e-001+j9.93235826793e-002
  -9.77150636717e-001+j1.61712751935e-001
  -9.64784418302e-001+j2.23433337016e-001
  -9.48524839984e-001+j2.84236304624e-001
  -9.28438495392e-001+j3.43876383112e-001
  -9.04607410118e-001+j4.02113051658e-001
  -8.77128707324e-001+j4.58711510052e-001
  -8.46114212467e-001+j5.13443625213e-001
  -8.11689998764e-001+j5.66088850588e-001
  -7.73995875233e-001+j6.16435114744e-001
  -7.33184819394e-001+j6.64279675571e-001
  -6.89422356930e-001+j7.09429936654e-001
  -6.42885890819e-001+j7.51704222516e-001
  -5.93763982666e-001+j7.90932509625e-001
  -5.42255589127e-001+j8.26957110222e-001
  -4.88569256539e-001+j8.59633306199e-001
  -4.32922276997e-001+j8.88829930507e-001
  -3.75539809301e-001+j9.14429893737e-001
  -3.16653968330e-001+j9.36330653762e-001
  -2.56502886515e-001+j9.54444626567e-001
  -1.95329751224e-001+j9.68699536603e-001
  -1.33381821926e-001+j9.79038705277e-001
  -7.09094311319e-002+j9.85421276418e-001
  -8.16497311874e-003+j9.87822377825e-001
  +5.45981154469e-002+j9.86233218253e-001
  +1.17126378893e-001+j9.80661119467e-001
  +1.79167365789e-001+j9.71129483233e-001
  +2.40470647933e-001+j9.57677693407e-001
  +3.00788830956e-001+j9.40360953529e-001
  +3.59878552475e-001+j9.19250060569e-001
  +4.17501463765e-001+j8.94431115786e-001
  +4.73425190982e-001+j8.66005173851e-001
  +5.27424272081e-001+j8.34087831675e-001
  +5.79281065621e-001+j7.98808758612e-001
  +6.28786627825e-001+j7.60311169947e-001
  +6.75741554338e-001+j7.18751245801e-001
  +7.19956783303e-001+j6.74297497816e-001
  +7.61254356516e-001+j6.27130086183e-001
  +7.99468135597e-001+j5.77440089781e-001
  +8.34444470298e-001+j5.25428732381e-001
  +8.66042816246e-001+j4.71306568053e-001
  +8.94136299660e-001+j4.15292629071e-001
  +9.18612226749e-001+j3.57613539755e-001
  +9.39372535759e-001+j2.98502599849e-001
  +9.56334189856e-001+j2.38198841131e-001
  +9.69429509259e-001+j1.76946061073e-001
  +9.78606441310e-001+j1.14991837453e-001
  +9.83828767387e-001+j5.25865279110e-002
  +9.85076245852e-001-j1.00177415192e-002
  +9.82344690458e-001-j7.25680948155e-002
  +9.75645983912e-001-j1.34811927189e-001
  +9.65008026568e-001-j1.96497925007e-001
  +9.50474620442e-001-j2.57377080295e-001
  +9.32105289059e-001-j3.17203695725e-001
  +9.09975033848e-001-j3.75736376029e-001
  +8.84174028100e-001-j4.32739001850e-001
  +8.54807249725e-001-j4.87981682087e-001
  +8.21994054306e-001-j5.41241680902e-001
  +7.85867690185e-001-j5.92304315650e-001
  +7.46574757558e-001-j6.40963822111e-001
  +7.04274613760e-001-j6.87024183538e-001
  +6.59138727161e-001-j7.30299920180e-001
  +6.11349982295e-001-j7.70616836097e-001
  +5.61101939025e-001-j8.07812720272e-001
  +5.08598048754e-001-j8.41737999177e-001
  +4.54050830856e-001-j8.72256338194e-001
  +3.97681012655e-001-j8.99245189446e-001
  +3.39716636429e-001-j9.22596283856e-001
  +2.80392137062e-001-j9.42216065455e-001
  +2.19947394063e-001-j9.58026066181e-001
  +1.58626761791e-001-j9.69963219696e-001
  +9.66780818039e-002-j9.77980112933e-001
  +3.43516813242e-002-j9.82045174399e-001
  -2.81006381363e-002-j9.82142798464e-001
  -9.04266179014e-002-j9.78273405159e-001
  -1.52374560900e-001-j9.70453435253e-001
  -2.13694347964e-001-j9.58715280634e-001
  -2.74138447558e-001-j9.43107150297e-001
  -3.33462914856e-001-j9.23692872488e-001
  -3.91428376135e-001-j9.00551633811e-001
  -4.47800994523e-001-j8.73777656379e-001
  -5.02353413190e-001-j8.43479814302e-001
  -5.54865672193e-001-j8.09781191093e-001
  -6.05126095265e-001-j7.72818579783e-001
  -6.52932142981e-001-j7.32741927766e-001
  -6.98091228863e-001-j6.89713728641e-001
  -7.40421495130e-001-j6.43908363511e-001
  -7.79752544971e-001-j5.95511394404e-001
  -8.15926128398e-001-j5.44718812682e-001
  -8.48796778906e-001-j4.91736245487e-001
  -8.78232398395e-001-j4.36778123427e-001
  -9.04114787983e-001-j3.80066812878e-001
  -9.26340122599e-001-j3.21831716406e-001
  -9.44819367429e-001-j2.62308344951e-001
  -9.59478634560e-001-j2.01737365534e-001
  -9.70259478384e-001-j1.40363628315e-001
  -9.77119128588e-001-j7.84351769576e-002
  -9.80030659796e-001-j1.62022462869e-002
  -9.78983097192e-001+j4.60837487058e-002
  -9.73981457709e-001+j1.08171228428e-001
  -9.65046726634e-001+j1.69809464716e-001
  -9.52215769727e-001+j2.30749593235e-001
  -9.35541181233e-001+j2.90745618147e-001
  -9.15091068404e-001+j3.49555405013e-001
  -8.90948773414e-001+j4.06941657893e-001
  -8.63212533809e-001+j4.62672876734e-001
  -8.31995082866e-001+j5.16524291157e-001
  -7.97423191492e-001+j5.68278766889e-001
  -7.59637153524e-001+j6.17727681183e-001
  -7.18790216513e-001+j6.64671763699e-001
  -6.75047960311e-001+j7.08921899451e-001
  -6.28587625971e-001+j7.50299890591e-001
  -5.79597397688e-001+j7.88639173955e-001
  -5.28275640679e-001+j8.23785491492e-001
  -4.74830098101e-001+j8.55597510863e-001
  -4.19477050244e-001+j8.83947393728e-001
  -3.62440439417e-001+j9.08721309428e-001
  -3.03950964051e-001+j9.29819892000e-001
  -2.44245145695e-001+j9.47158638684e-001
  -1.83564372676e-001+j9.60668248340e-001
  -1.22153924282e-001+j9.70294898400e-001
  -6.02619794239e-002+j9.76000459262e-001
  +1.86138622727e-003+j9.77762645268e-001
  +6.39652105721e-002+j9.75575101664e-001
  +1.25798658800e-001+j9.69447427211e-001
  +1.87112036399e-001+j9.59405132360e-001
  +2.47657797372e-001+j9.45489533181e-001
  +3.07191543578e-001+j9.27757581475e-001
  +3.65473011179e-001+j9.06281631774e-001
  +4.22267040194e-001+j8.81149146187e-001
  +4.77344523264e-001+j8.52462338283e-001
  +5.30483329794e-001+j8.20337757469e-001
  +5.81469201737e-001+j7.84905815555e-001
  +6.30096617421e-001+j7.46310257417e-001
  +6.76169619932e-001+j7.04707577921e-001
  +7.19502606705e-001+j6.60266387462e-001
  +7.59921077157e-001+j6.13166728695e-001
  +7.97262335337e-001+j5.63599347222e-001
  +8.31376144776e-001+j5.11764919195e-001
  +8.62125332888e-001+j4.57873238961e-001
  +8.89386342502e-001+j4.02142370027e-001
  +9.13049728306e-001+j3.44797762800e-001
  +9.33020596194e-001+j2.86071342651e-001
  +9.49218983780e-001+j2.26200572004e-001
  +9.61580180523e-001+j1.65427490242e-001
  +9.70054986206e-001+j1.03997735303e-001
  +9.74609906719e-001+j4.21595509285e-002
  +9.75227286378e-001-j1.98372164223e-002
  +9.71905376255e-001-j8.17421269505e-002
  +9.64658338247e-001-j1.43305159097e-001
  +9.53516184896e-001-j2.04277719246e-001
  +9.38524655196e-001-j2.64413645475e-001
  +9.19745026917e-001-j3.23470201291e-001
  +8.97253866200e-001-j3.81209055353e-001
  +8.71142715464e-001-j4.37397243219e-001
  +8.41517720877e-001-j4.91808107239e-001
  +8.08499200925e-001-j5.44222210798e-001
  +7.72221157820e-001-j5.94428223234e-001
  +7.32830733733e-001-j6.42223771845e-001
  +6.90487614063e-001-j6.87416257566e-001
  +6.45363380160e-001-j7.29823631017e-001
  +5.97640814115e-001-j7.69275125807e-001
  +5.47513158457e-001-j8.05611946124e-001
  +4.95183333727e-001-j8.38687905858e-001
  +4.40863117119e-001-j8.68370016682e-001
  +3.84772285498e-001-j8.94539022711e-001
  +3.27137726274e-001-j9.17089879613e-001
  +2.68192519713e-001-j9.35932176228e-001
  +2.08174996422e-001-j9.50990497008e-001
  +1.47327773784e-001-j9.62204723838e-001
  +8.58967752765e-002-j9.69530276003e-001
  +2.41302366024e-002-j9.72938287371e-001
  -3.77222973232e-002-j9.72415720076e-001
  -9.94109804947e-002-j9.67965414246e-001
  -1.60686674967e-001-j9.59606073600e-001
  -2.21301956961e-001-j9.47372186982e-001
  -2.81012115860e-001-j9.31313886147e-001
  -3.39576142067e-001-j9.11496740406e-001
  -3.96757699732e-001-j8.88001488952e-001
  -4.52326080426e-001-j8.60923711975e-001
  -5.06057133907e-001-j8.30373441887e-001
  -5.57734172236e-001-j7.96474716264e-001
  -6.07148843583e-001-j7.59365074288e-001
  -6.54101972211e-001-j7.19194998771e-001
  -6.98404361237e-001-j6.76127305988e-001
  -7.39877554955e-001-j6.30336485816e-001
  -7.78354557630e-001-j5.82007994849e-001
  -8.13680505877e-001-j5.31337505346e-001
  -8.45713291925e-001-j4.78530113055e-001
  -8.74324135237e-001-j4.23799507128e-001
  -8.99398100213e-001-j3.67367105476e-001
  -9.20834557870e-001-j3.09461159068e-001
  -9.38547589666e-001-j2.50315828791e-001
  -9.52466331832e-001-j1.90170238621e-001
  -9.62535258835e-001-j1.29267508905e-001
  -9.68714404854e-001-j6.78537736932e-002
  -9.70979522354e-001-j6.17718606536e-003
  -9.69322177165e-001+j5.55130845071e-002
  -9.63749779668e-001+j1.16967858728e-001
  -9.54285551978e-001+j1.77938953897e-001
  -9.40968431282e-001+j2.38180186125e-001
  -9.23852909716e-001+j2.97448364296e-001
  -9.03008811452e-001+j3.55504271756e-001
  -8.78521007896e-001+j4.12113631777e-001
  -8.50489072167e-001+j4.67048052897e-001
  -8.19026874264e-001+j5.20085950312e-001
  -7.84262118557e-001+j5.71013439613e-001
  -7.46335825490e-001+j6.19625199268e-001
  -7.05401759593e-001+j6.65725298354e-001
  -6.61625806130e-001+j7.09127986215e-001
  -6.15185298903e-001+j7.49658440866e-001
  -5.66268301934e-001+j7.87153473117e-001
  -5.15072847946e-001+j8.21462183588e-001
  -4.61806136713e-001+j8.52446569972e-001
  -4.06683696533e-001+j8.79982082093e-001
  -3.49928512211e-001+j9.03958122538e-001
  -2.91770123084e-001+j9.24278490843e-001
  -2.32443694737e-001+j9.40861769453e-001
  -1.72189068158e-001+j9.53641649903e-001
  -1.11249790187e-001+j9.62567197919e-001
  -4.98721291584e-002+j9.67603056379e-001
  +1.16959202544e-002+j9.68729585319e-001
  +7.32056390036e-002+j9.65942938431e-001
  +1.34408588370e-001+j9.59255075770e-001
  +1.95057613355e-001+j9.48693712606e-001
  +2.54907840710e-001+j9.34302204657e-001
  +3.13717667571e-001+j9.16139370173e-001
  +3.71249736706e-001+j8.94279249597e-001
  +4.27271894443e-001+j8.68810803788e-001
  +4.81558127404e-001+j8.39837552041e-001
  +5.33889474285e-001+j8.07477151362e-001
  +5.84054908973e-001+j7.71860918726e-001
  +6.31852191470e-001+j7.33133298243e-001
  +6.77088683171e-001+j6.91451275400e-001
  +7.19582123223e-001+j6.46983740758e-001
  +7.59161362824e-001+j5.99910805673e-001
  +7.95667054514e-001+j5.50423072822e-001
  +8.28952293685e-001+j4.98720864482e-001
  +8.58883209705e-001+j4.45013411696e-001
  +8.85339504311e-001+j3.89518007593e-001
  +9.08214935076e-001+j3.32459128302e-001
  +9.27417742027e-001+j2.74067525008e-001
  +9.42871015685e-001+j2.14579290823e-001
  +9.54513005071e-001+j1.54234906250e-001
  +9.62297364423e-001+j9.32782670985e-002
  +9.66193337651e-001+j3.19556987661e-002
  +9.66185879798e-001-j2.94850391032e-002
  +9.62275715014e-001-j9.07957535877e-002
  +9.54479330838e-001-j1.51728821025e-001
  +9.42828908808e-001-j2.12038187072e-001
</dep>
<dep S[2,2] frequency>
  +1.58821596950e-008+j2.02450727735e-007
  +5.56492864264e-008+j4.01291858046e-007
  +1.20003658905e-007+j5.93422239625e-007
  +2.08018576529e-007+j7.75785172942e-007
  +3.18308964393e-007+j9.45467911855e-007
  +4.49108173457e-007+j1.09975696223e-006
  +5.98310293730e-007+j1.23618471358e-006
  +7.63509179861e-007+j1.35257046207e-006
  +9.42039533061e-007+j1.44705614402e-006
  +1.13102105632e-006+j1.51813654890e-006
  +1.32740556426e-006+j1.56468367172e-006
  +1.52802653200e-006+j1.58596488345e-006
  +1.72965039600e-006+j1.58165466545e-006
  +1.92902883560e-006+j1.55183974147e-006
  +2.12295122233e-006+j1.49701753956e-006
  +2.30829640854e-006+j1.41808801878e-006
  +2.48208303081e-006+j1.31633900048e-006
  +2.64151752416e-006+j1.19342524632e-006
  +2.78403907809e-006+j1.05134162553e-006
  +2.90736081353e-006+j8.92390807998e-007
  +3.00950652037e-006+j7.19146007538e-007
  +3.08884236662e-006+j5.34409379013e-007
  +3.14410307087e-006+j3.41166742513e-007
  +3.17441211942e-006+j1.42539366591e-007
  +3.17929570515e-006-j5.82664104225e-008
  +3.15869016660e-006-j2.58010907623e-007
  +3.11294281052e-006-j4.53473342461e-007
  +3.04280610776e-006-j6.41503742778e-007
  +2.94942535931e-006-j8.19073693017e-007
  +2.83432003440e-006-j9.83325096854e-007
  +2.69935908442e-006-j1.13161617089e-006
  +2.54673063372e-006-j1.26156392904e-006
  +2.37890653833e-006-j1.37108247407e-006
  +2.19860238665e-006-j1.45841648099e-006
  +2.00873358911e-006-j1.52216933426e-006
  +1.81236826659e-006-j1.56132546777e-006
  +1.61267769886e-006-j1.57526654995e-006
  +1.41288513305e-006-j1.56378125577e-006
  +1.21621377851e-006-j1.52706847098e-006
  +1.02583482696e-006-j1.46573388002e-006
  +8.44816336204e-007-j1.38077999551e-006
  +6.76073801205e-007-j1.27358979317e-006
  +5.22323209002e-007-j1.14590421896e-006
  +3.86037333260e-007-j9.99793934007e-007
  +2.69405971863e-007-j8.37625755552e-007
  +1.74300766966e-007-j6.62024337561e-007
  +1.02245172774e-007-j4.75829711149e-007
  +5.43900530404e-008-j2.82051371457e-007
  +3.14952992632e-008-j8.38196530004e-008
  +3.39177632968e-008+j1.15664821056e-007
  +6.16056961344e-008+j3.13182799560e-007
  +1.14099779591e-007+j5.05548340270e-007
  +1.90540731256e-007+j6.89660185226e-007
  +2.89683357084e-007+j8.62551746223e-007
  +4.09916822040e-007+j1.02143889483e-006
  +5.49290809063e-007+j1.16376478716e-006
  +7.05547141746e-007+j1.28724100169e-006
  +8.76156358234e-007+j1.38988432835e-006
  +1.05835864417e-006+j1.47004861747e-006
  +1.24920846255e-006+j1.52645117690e-006
  +1.44562215881e-006+j1.55819329427e-006
  +1.64442777219e-006+j1.56477455579e-006
  +1.84241624863e-006+j1.54610073343e-006
  +2.03639322872e-006+j1.50248511625e-006
  +2.22323057495e-006+j1.43464326721e-006
  +2.39991680728e-006+j1.34368129298e-006
  +2.56360563390e-006+j1.23107781898e-006
  +2.71166179521e-006+j1.09865996308e-006
  +2.84170348266e-006+j9.48573698156e-007
  +2.95164064978e-006+j7.83249084316e-007
  +3.03970859912e-006+j6.05360933615e-007
  +3.10449630537e-006+j4.17785544037e-007
  +3.14496902020e-006+j2.23554202336e-007
  +3.16048479656e-006+j2.58042072540e-008
  +3.15080466856e-006-j1.72271795692e-007
  +3.11609632557e-006-j3.67477349784e-007
  +3.05693122401e-006-j5.56663761282e-007
  +2.97427518637e-006-j7.36780880167e-007
  +2.86947264196e-006-j9.04926268586e-007
  +2.74422476629e-006-j1.05839196449e-006
  +2.60056187463e-006-j1.19470808709e-006
  +2.44081051733e-006-j1.31168258202e-006
  +2.26755581024e-006-j1.40743646666e-006
  +2.08359961001e-006-j1.48043400902e-006
  +1.89191521070e-006-j1.52950735540e-006
  +1.69559929418e-006-j1.55387521200e-006
  +1.49782191074e-006-j1.55315528149e-006
  +1.30177529759e-006-j1.52737025686e-006
  +1.11062236165e-006-j1.47694727821e-006
  +9.27445657817e-007-j1.40271086449e-006
  +7.55197685714e-007-j1.30586943661e-006
  +5.96653306237e-007-j1.18799565240e-006
  +4.54365044704e-007-j1.05100087320e-006
  +3.30622000522e-007-j8.97104176400e-007
  +2.27413024766e-007-j7.28796416547e-007
  +1.46394757988e-007-j5.48799916570e-007
  +8.88650418419e-008-j3.60024441585e-007
  +5.57421312655e-008-j1.65520167081e-007
  +4.75500401512e-008+j3.15715984232e-008
  +6.44102543606e-008+j2.28069140212e-007
  +1.06039943111e-007+j4.20801694670e-007
  +1.71756694858e-007+j6.06660608128e-007
  +2.60489698532e-007+j7.82649471937e-007
  +3.70797187010e-007+j9.45932425274e-007
  +5.00889858776e-007+j1.09387984710e-006
  +6.48659897352e-007+j1.22411070112e-006
  +8.11715117956e-007+j1.33453085195e-006
  +9.87417688290e-007+j1.42336673591e-006
  +1.17292679680e-006+j1.48919384507e-006
  +1.36524457834e-006+j1.53095956717e-006
  +1.56126455478e-006+j1.54800001523e-006
  +1.75782180814e-006+j1.54005057776e-006
  +1.95174407566e-006+j1.50725002189e-006
  +2.13990294231e-006+j1.45013808598e-006
  +2.31926430450e-006+j1.36964660323e-006
  +2.48693729108e-006+j1.26708430201e-006
  +2.64022085299e-006+j1.14411553104e-006
  +2.77664727062e-006+j1.00273325491e-006
  +2.89402187830e-006+j8.45226758241e-007
  +2.99045836631e-006+j6.74144581620e-007
  +3.06440909283e-006+j4.92253289377e-007
  +3.11468991852e-006+j3.02492736208e-007
  +3.14049916540e-006+j1.07928555852e-007
  +3.14143039645e-006-j8.82973603957e-008
  +3.11747881231e-006-j2.83017595462e-007
  +3.06904116428e-006-j4.73090329472e-007
  +2.99690918787e-006-j6.55450028847e-007
  +2.90225666531e-006-j8.27156883797e-007
  +2.78662032849e-006-j9.85444196980e-007
  +2.65187491283e-006-j1.12776295951e-006
  +2.50020276708e-006-j1.25182289614e-006
  +2.33405851164e-006-j1.35562931881e-006
  +2.15612931750e-006-j1.43751519545e-006
  +1.96929144875e-006-j1.49616791859e-006
  +1.77656377115e-006-j1.53065034401e-006
  +1.58105897843e-006-j1.54041576207e-006
  +1.38593332395e-006-j1.52531656274e-006
  +1.19433566982e-006-j1.48560645693e-006
  +1.00935667559e-006-j1.42193622094e-006
  +8.33978946537e-007-j1.33534303518e-006
  +6.71028945596e-007-j1.22723359183e-006
  +5.23131444097e-007-j1.09936124646e-006
  +3.92667245405e-007-j9.53797584700e-007
  +2.81734862301e-007-j7.92898864988e-007
  +1.92116764944e-007-j6.19267880888e-007
  +1.25250742231e-007-j4.35711860264e-007
  +8.22068366757e-008-j2.45197082204e-007
  +6.36702227847e-008-j5.08009453295e-008
  +6.99303028626e-008+j1.44337738040e-007
  +1.00876193761e-007+j3.37069419089e-007
  +1.55998674870e-007+j5.24284642921e-007
  +2.34398563381e-007+j7.02964211900e-007
  +3.34801379133e-007+j8.70227872699e-007
  +4.55578059936e-007+j1.02338074198e-006
  +5.94771390711e-007+j1.15995672247e-006
  +7.50127717725e-007+j1.27775820992e-006
  +9.19133434082e-007+j1.37489145178e-006
  +1.09905564584e-006+j1.44979698865e-006
  +1.28698636089e-006+j1.50127468914e-006
  +1.47988948615e-006+j1.52850297641e-006
  +1.67464987362e-006+j1.53105193824e-006
  +1.86812362295e-006+j1.50889011160e-006
  +2.05718882839e-006+j1.46238483454e-006
  +2.23879595108e-006+j1.39229616247e-006
  +2.41001700376e-006+j1.29976444917e-006
  +2.56809275494e-006+j1.18629179572e-006
  +2.71047719135e-006+j1.05371766889e-006
  +2.83487852231e-006+j9.04189084763e-007
  +2.93929606571e-006+j7.40125840831e-007
  +3.02205242186e-006+j5.64181359579e-007
  +3.08182041792e-006+j3.79199777064e-007
  +3.11764439010e-006+j1.88169970440e-007
  +3.12895546234e-006-j5.82273250694e-009
  +3.11558057727e-006-j1.99646381673e-007
  +3.07774513609e-006-j3.90172966099e-007
  +3.01606920730e-006-j5.74328892375e-007
  +2.93155736781e-006-j7.49144565439e-007
  +2.82558234289e-006-j9.11802272005e-007
  +2.69986271142e-006-j1.05968159457e-006
  +2.55643503828e-006-j1.19040162407e-006
  +2.39762088596e-006-j1.30185929121e-006
  +2.22598923955e-006-j1.39226319942e-006
  +2.04431495326e-006-j1.46016241512e-006
  +1.85553389061e-006-j1.50446975266e-006
  +1.66269548338e-006-j1.52447918027e-006
  +1.46891347595e-006-j1.51987706835e-006
  +1.27731565064e-006-j1.49074710101e-006
  +1.09099334555e-006-j1.43756877383e-006
  +9.12951579857e-007-j1.36120950477e-006
  +7.46060591085e-007-j1.26291048776e-006
  +5.93009565876e-007-j1.14426651972e-006
  +4.56263310134e-007-j1.00720012887e-006
  +3.38022556667e-007-j8.53930423917e-007
  +2.40188549471e-007-j6.86937168896e-007
  +1.64332474579e-007-j5.08920665164e-007
  +1.11670228951e-007-j3.22758089575e-007
  +8.30429325524e-008-j1.31456994763e-007
  +7.89034959557e-008+j6.18932769951e-008
  +9.93094579389e-008+j2.54171481484e-007
  +1.43922206302e-007+j4.42274856255e-007
  +2.12012592077e-007+j6.23169187060e-007
  +3.02472844117e-007+j7.93937749196e-007
  +4.13834589425e-007+j9.51828334345e-007
  +5.44292686118e-007+j1.09429760476e-006
  +6.91734482231e-007+j1.21905205998e-006
  +8.53774026154e-007+j1.32408495630e-006
  +1.02779067476e-006+j1.40770858459e-006
  +1.21097147454e-006+j1.46858138749e-006
  +1.40035663033e-006+j1.50572948008e-006
  +1.59288732687e-006+j1.51856222908e-006
  +1.78545513030e-006+j1.50688164110e-006
  +1.97495217207e-006+j1.47088541102e-006
  +2.15832130493e-006+j1.41116358344e-006
  +2.33260542156e-006+j1.32868888364e-006
  +2.49499514047e-006+j1.22480087635e-006
  +2.64287408997e-006+j1.10118421026e-006
  +2.77386106049e-006+j9.59841301696e-007
  +2.88584834604e-006+j8.03059900124e-007
  +2.97703565763e-006+j6.33376061079e-007
  +3.04595906283e-006+j4.53533125570e-007
  +3.09151448640e-006+j2.66437369516e-007
  +3.11297539469e-006+j7.51110401722e-008
  +3.11000438065e-006-j1.17356461599e-007
  +3.08265846468e-006-j3.07858464694e-007
  +3.03138802811e-006-j4.93321171363e-007
  +2.95702939895e-006-j6.70753251710e-007
  +2.86079121181e-006-j8.37294088952e-007
  +2.74423476445e-006-j9.90259897335e-007
  +2.60924869022e-006-j1.12718696926e-006
  +2.45801835721e-006-j1.24587135472e-006
  +2.29299048985e-006-j1.34440433406e-006
  +2.11683358573e-006-j1.42120311307e-006
  +1.93239476788e-006-j1.47503624692e-006
  +1.74265377035e-006-j1.50504338444e-006
  +1.55067480047e-006-j1.51074901639e-006
  +1.35955705562e-006-j1.49207000779e-006
  +1.17238469352e-006-j1.44931679531e-006
  +9.92177063545e-007-j1.38318823255e-006
  +8.21840002341e-007-j1.29476016875e-006
  +6.64118979106e-007-j1.18546794763e-006
  +5.21554846213e-007-j1.05708311090e-006
  +3.96442908221e-007-j9.11684684620e-007
  +2.90795968650e-007-j7.51625513800e-007
  +2.06311949409e-007-j5.79494190219e-007
  +1.44346603789e-007-j3.98073189640e-007
  +1.05891761504e-007-j2.10293895307e-007
  +9.15594548657e-008-j1.91892347493e-008
  +1.01572180118e-007+j1.72155304908e-007
  +1.35759448849e-007+j3.60651491977e-007
  +1.93560682856e-007+j5.43258191378e-007
  +2.74034403426e-007+j7.17030427561e-007
  +3.75873564447e-007+j8.79166877695e-007
  +4.97426779660e-007+j1.02705502921e-006
  +6.36725099334e-007+j1.15831327379e-006
  +7.91513902228e-007+j1.27082925959e-006
  +9.59289386278e-007+j1.36279388415e-006
  +1.13733906747e-006+j1.43273038086e-006
  +1.32278563181e-006+j1.47951803150e-006
  +1.51263343156e-006+j1.50241012410e-006
  +1.70381687429e-006+j1.50104586824e-006
  +1.89324992327e-006+j1.47545607791e-006
  +2.07787590981e-006+j1.42606253231e-006
  +2.25471685366e-006+j1.35367102722e-006
  +2.42092149564e-006+j1.25945823148e-006
  +2.57381126777e-006+j1.14495256271e-006
  +2.71092345979e-006+j1.01200939334e-006
  +2.83005088651e-006+j8.62780988858e-007
  +2.92927741687e-006+j6.99681665540e-007
  +3.00700879315e-006+j5.25348731579e-007
  +3.06199824427e-006+j3.42599843504e-007
  +3.09336648203e-006+j1.54387467391e-007
  +3.10061575938e-006-j3.62488191752e-008
  +3.08363776612e-006-j2.26231413825e-007
  +3.04271523669e-006-j4.12494372142e-007
  +2.97851724654e-006-j5.92032884391e-007
  +2.89208827498e-006-j7.61951747821e-007
  +2.78483121363e-006-j9.19512052649e-007
  +2.65848459649e-006-j1.06217532891e-006
  +2.51509442146e-006-j1.18764444261e-006
  +2.35698101981e-006-j1.29390058240e-006
  +2.18670151019e-006-j1.37923574116e-006
  +2.00700844462e-006-j1.44228016997e-006
  +1.82080531526e-006-j1.48202436324e-006
  +1.63109964108e-006-j1.49783522204e-006
  +1.44095439251e-006-j1.48946613691e-006
  +1.25343853851e-006-j1.45706082966e-006
  +1.07157751451e-006-j1.40115089427e-006
  +8.98304410600e-007-j1.32264707892e-006
  +7.36412667538e-007-j1.22282445207e-006
  +5.88511043373e-007-j1.10330169408e-006
  +4.56981576698e-007-j9.66014850842e-007
  +3.43941223862e-007-j8.13185974763e-007
  +2.51207787972e-007-j6.47287161202e-007
  +1.80270687997e-007-j4.71000562289e-007
  +1.32267038006e-007-j2.87175024919e-007
  +1.07963420711e-007-j9.87800539232e-008
  +1.07743647414e-007+j9.11421556635e-008
  +1.31602699802e-007+j2.79525842416e-007
  +1.79146949140e-007+j4.63331165212e-007
  +2.49600647104e-007+j6.39593254023e-007
</dep>
