<Qucs Dataset 0.0.18>
<indep frequency 300>
  +1.00000000000e+006
  +2.00000000000e+006
  +3.00000000000e+006
  +4.00000000000e+006
  +5.00000000000e+006
  +6.00000000000e+006
  +7.00000000000e+006
  +8.00000000000e+006
  +9.00000000000e+006
  +1.00000000000e+007
  +1.10000000000e+007
  +1.20000000000e+007
  +1.30000000000e+007
  +1.40000000000e+007
  +1.50000000000e+007
  +1.60000000000e+007
  +1.70000000000e+007
  +1.80000000000e+007
  +1.90000000000e+007
  +2.00000000000e+007
  +2.10000000000e+007
  +2.20000000000e+007
  +2.30000000000e+007
  +2.40000000000e+007
  +2.50000000000e+007
  +2.60000000000e+007
  +2.70000000000e+007
  +2.80000000000e+007
  +2.90000000000e+007
  +3.00000000000e+007
  +3.10000000000e+007
  +3.20000000000e+007
  +3.30000000000e+007
  +3.40000000000e+007
  +3.50000000000e+007
  +3.60000000000e+007
  +3.70000000000e+007
  +3.80000000000e+007
  +3.90000000000e+007
  +4.00000000000e+007
  +4.10000000000e+007
  +4.20000000000e+007
  +4.30000000000e+007
  +4.40000000000e+007
  +4.50000000000e+007
  +4.60000000000e+007
  +4.70000000000e+007
  +4.80000000000e+007
  +4.90000000000e+007
  +5.00000000000e+007
  +5.10000000000e+007
  +5.20000000000e+007
  +5.30000000000e+007
  +5.40000000000e+007
  +5.50000000000e+007
  +5.60000000000e+007
  +5.70000000000e+007
  +5.80000000000e+007
  +5.90000000000e+007
  +6.00000000000e+007
  +6.10000000000e+007
  +6.20000000000e+007
  +6.30000000000e+007
  +6.40000000000e+007
  +6.50000000000e+007
  +6.60000000000e+007
  +6.70000000000e+007
  +6.80000000000e+007
  +6.90000000000e+007
  +7.00000000000e+007
  +7.10000000000e+007
  +7.20000000000e+007
  +7.30000000000e+007
  +7.40000000000e+007
  +7.50000000000e+007
  +7.60000000000e+007
  +7.70000000000e+007
  +7.80000000000e+007
  +7.90000000000e+007
  +8.00000000000e+007
  +8.10000000000e+007
  +8.20000000000e+007
  +8.30000000000e+007
  +8.40000000000e+007
  +8.50000000000e+007
  +8.60000000000e+007
  +8.70000000000e+007
  +8.80000000000e+007
  +8.90000000000e+007
  +9.00000000000e+007
  +9.10000000000e+007
  +9.20000000000e+007
  +9.30000000000e+007
  +9.40000000000e+007
  +9.50000000000e+007
  +9.60000000000e+007
  +9.70000000000e+007
  +9.80000000000e+007
  +9.90000000000e+007
  +1.00000000000e+008
  +1.01000000000e+008
  +1.02000000000e+008
  +1.03000000000e+008
  +1.04000000000e+008
  +1.05000000000e+008
  +1.06000000000e+008
  +1.07000000000e+008
  +1.08000000000e+008
  +1.09000000000e+008
  +1.10000000000e+008
  +1.11000000000e+008
  +1.12000000000e+008
  +1.13000000000e+008
  +1.14000000000e+008
  +1.15000000000e+008
  +1.16000000000e+008
  +1.17000000000e+008
  +1.18000000000e+008
  +1.19000000000e+008
  +1.20000000000e+008
  +1.21000000000e+008
  +1.22000000000e+008
  +1.23000000000e+008
  +1.24000000000e+008
  +1.25000000000e+008
  +1.26000000000e+008
  +1.27000000000e+008
  +1.28000000000e+008
  +1.29000000000e+008
  +1.30000000000e+008
  +1.31000000000e+008
  +1.32000000000e+008
  +1.33000000000e+008
  +1.34000000000e+008
  +1.35000000000e+008
  +1.36000000000e+008
  +1.37000000000e+008
  +1.38000000000e+008
  +1.39000000000e+008
  +1.40000000000e+008
  +1.41000000000e+008
  +1.42000000000e+008
  +1.43000000000e+008
  +1.44000000000e+008
  +1.45000000000e+008
  +1.46000000000e+008
  +1.47000000000e+008
  +1.48000000000e+008
  +1.49000000000e+008
  +1.50000000000e+008
  +1.51000000000e+008
  +1.52000000000e+008
  +1.53000000000e+008
  +1.54000000000e+008
  +1.55000000000e+008
  +1.56000000000e+008
  +1.57000000000e+008
  +1.58000000000e+008
  +1.59000000000e+008
  +1.60000000000e+008
  +1.61000000000e+008
  +1.62000000000e+008
  +1.63000000000e+008
  +1.64000000000e+008
  +1.65000000000e+008
  +1.66000000000e+008
  +1.67000000000e+008
  +1.68000000000e+008
  +1.69000000000e+008
  +1.70000000000e+008
  +1.71000000000e+008
  +1.72000000000e+008
  +1.73000000000e+008
  +1.74000000000e+008
  +1.75000000000e+008
  +1.76000000000e+008
  +1.77000000000e+008
  +1.78000000000e+008
  +1.79000000000e+008
  +1.80000000000e+008
  +1.81000000000e+008
  +1.82000000000e+008
  +1.83000000000e+008
  +1.84000000000e+008
  +1.85000000000e+008
  +1.86000000000e+008
  +1.87000000000e+008
  +1.88000000000e+008
  +1.89000000000e+008
  +1.90000000000e+008
  +1.91000000000e+008
  +1.92000000000e+008
  +1.93000000000e+008
  +1.94000000000e+008
  +1.95000000000e+008
  +1.96000000000e+008
  +1.97000000000e+008
  +1.98000000000e+008
  +1.99000000000e+008
  +2.00000000000e+008
  +2.01000000000e+008
  +2.02000000000e+008
  +2.03000000000e+008
  +2.04000000000e+008
  +2.05000000000e+008
  +2.06000000000e+008
  +2.07000000000e+008
  +2.08000000000e+008
  +2.09000000000e+008
  +2.10000000000e+008
  +2.11000000000e+008
  +2.12000000000e+008
  +2.13000000000e+008
  +2.14000000000e+008
  +2.15000000000e+008
  +2.16000000000e+008
  +2.17000000000e+008
  +2.18000000000e+008
  +2.19000000000e+008
  +2.20000000000e+008
  +2.21000000000e+008
  +2.22000000000e+008
  +2.23000000000e+008
  +2.24000000000e+008
  +2.25000000000e+008
  +2.26000000000e+008
  +2.27000000000e+008
  +2.28000000000e+008
  +2.29000000000e+008
  +2.30000000000e+008
  +2.31000000000e+008
  +2.32000000000e+008
  +2.33000000000e+008
  +2.34000000000e+008
  +2.35000000000e+008
  +2.36000000000e+008
  +2.37000000000e+008
  +2.38000000000e+008
  +2.39000000000e+008
  +2.40000000000e+008
  +2.41000000000e+008
  +2.42000000000e+008
  +2.43000000000e+008
  +2.44000000000e+008
  +2.45000000000e+008
  +2.46000000000e+008
  +2.47000000000e+008
  +2.48000000000e+008
  +2.49000000000e+008
  +2.50000000000e+008
  +2.51000000000e+008
  +2.52000000000e+008
  +2.53000000000e+008
  +2.54000000000e+008
  +2.55000000000e+008
  +2.56000000000e+008
  +2.57000000000e+008
  +2.58000000000e+008
  +2.59000000000e+008
  +2.60000000000e+008
  +2.61000000000e+008
  +2.62000000000e+008
  +2.63000000000e+008
  +2.64000000000e+008
  +2.65000000000e+008
  +2.66000000000e+008
  +2.67000000000e+008
  +2.68000000000e+008
  +2.69000000000e+008
  +2.70000000000e+008
  +2.71000000000e+008
  +2.72000000000e+008
  +2.73000000000e+008
  +2.74000000000e+008
  +2.75000000000e+008
  +2.76000000000e+008
  +2.77000000000e+008
  +2.78000000000e+008
  +2.79000000000e+008
  +2.80000000000e+008
  +2.81000000000e+008
  +2.82000000000e+008
  +2.83000000000e+008
  +2.84000000000e+008
  +2.85000000000e+008
  +2.86000000000e+008
  +2.87000000000e+008
  +2.88000000000e+008
  +2.89000000000e+008
  +2.90000000000e+008
  +2.91000000000e+008
  +2.92000000000e+008
  +2.93000000000e+008
  +2.94000000000e+008
  +2.95000000000e+008
  +2.96000000000e+008
  +2.97000000000e+008
  +2.98000000000e+008
  +2.99000000000e+008
  +3.00000000000e+008
</indep>
<dep phaseS21 frequency>
  +8.18774558251e+001
  +7.48543395180e+001
  +6.77472343007e+001
  +6.06621822126e+001
  +5.36378151952e+001
  +4.66966540163e+001
  +3.98539234408e+001
  +3.31200982685e+001
  +2.65019855975e+001
  +2.00033895078e+001
  +1.36256386372e+001
  +7.36805326760e+000
  +1.22836772722e+000
  -4.79689301224e+000
  -1.07120860392e+001
  -1.65221738957e+001
  -2.22324972000e+001
  -2.78485927487e+001
  -3.33760519372e+001
  -3.88204137325e+001
  -4.41870864247e+001
  -4.94812927694e+001
  -5.47080337280e+001
  -5.98720666934e+001
  -6.49778947726e+001
  -7.00297643294e+001
  -7.50316685503e+001
  -7.99873552739e+001
  -8.49003377230e+001
  -8.97739070987e+001
  -9.46111462596e+001
  -9.94149439081e+001
  -1.04188008871e+002
  -1.08932884183e+002
  -1.13651960769e+002
  -1.18347490611e+002
  -1.23021599311e+002
  -1.27676298031e+002
  -1.32313494789e+002
  -1.36935005137e+002
  -1.41542562250e+002
  -1.46137826460e+002
  -1.50722394277e+002
  -1.55297806964e+002
  -1.59865558695e+002
  -1.64427104369e+002
  -1.68983867123e+002
  -1.73537245594e+002
  -1.78088621002e+002
  +1.77360635925e+002
  +1.72809158099e+002
  +1.68255575262e+002
  +1.63698507165e+002
  +1.59136556678e+002
  +1.54568302792e+002
  +1.49992293447e+002
  +1.45407038157e+002
  +1.40811000366e+002
  +1.36202589502e+002
  +1.31580152675e+002
  +1.26941965975e+002
  +1.22286225353e+002
  +1.17611037026e+002
  +1.12914407417e+002
  +1.08194232603e+002
  +1.03448287311e+002
  +9.86742134854e+001
  +9.38695085298e+001
  +8.90315133539e+001
  +8.41574004337e+001
  +7.92441621865e+001
  +7.42886000832e+001
  +6.92873150792e+001
  +6.42367001529e+001
  +5.91329360059e+001
  +5.39719913231e+001
  +4.87496294217e+001
  +4.34614236731e+001
  +3.81027847716e+001
  +3.26690037920e+001
  +2.71553160696e+001
  +2.15569923084e+001
  +1.58694650893e+001
  +1.00885013022e+001
  +4.21043434201e+000
  -1.76752503259e+000
  -7.84687182113e+000
  -1.40272411159e+001
  -2.03056206035e+001
  -2.66752048243e+001
  -3.31236140747e+001
  -3.96298672083e+001
  -4.61586388738e+001
  -5.26478663407e+001
  -5.89775460779e+001
  -6.48735324353e+001
  -6.95031591683e+001
  -6.83527767452e+001
  +3.30044284500e+001
  +7.00412331074e+001
  +6.80826735679e+001
  +6.28779034174e+001
  +5.67986766656e+001
  +5.04037516810e+001
  +4.38983495069e+001
  +3.73780624675e+001
  +3.08941348040e+001
  +2.44762379361e+001
  +1.81420119841e+001
  +1.19016842554e+001
  +5.76059566652e+000
  -2.79267107935e-001
  -6.21826352695e+000
  -1.20583958682e+001
  -1.78027997736e+001
  -2.34553674954e+001
  -2.90204669781e+001
  -3.45027325753e+001
  -3.99069103593e+001
  -4.52377453868e+001
  -5.04999012534e+001
  -5.56979044128e+001
  -6.08361073672e+001
  -6.59186661055e+001
  -7.09495281791e+001
  -7.59324286076e+001
  -8.08708914463e+001
  -8.57682353534e+001
  -9.06275818974e+001
  -9.54518656517e+001
  -1.00243845373e+002
  -1.05006115743e+002
  -1.09741119300e+002
  -1.14451158297e+002
  -1.19138406305e+002
  -1.23804919447e+002
  -1.28452647189e+002
  -1.33083442654e+002
  -1.37699072452e+002
  -1.42301226026e+002
  -1.46891524552e+002
  -1.51471529400e+002
  -1.56042750221e+002
  -1.60606652678e+002
  -1.65164665877e+002
  -1.69718189540e+002
  -1.74268600972e+002
  -1.78817261857e+002
  +1.76634475059e+002
  +1.72085259352e+002
  +1.67533736337e+002
  +1.62978540453e+002
  +1.58418288587e+002
  +1.53851573279e+002
  +1.49276955776e+002
  +1.44692958876e+002
  +1.40098059537e+002
  +1.35490681197e+002
  +1.30869185774e+002
  +1.26231865315e+002
  +1.21576933273e+002
  +1.16902515382e+002
  +1.12206640150e+002
  +1.07487228968e+002
  +1.02742085890e+002
  +9.79688871633e+001
  +9.31651706198e+001
  +8.83283251339e+001
  +8.34555804034e+001
  +7.85439974378e+001
  +7.35904602721e+001
  +6.85916696145e+001
  +6.35441393759e+001
  +5.84441973424e+001
  +5.32879916550e+001
  +4.80715052838e+001
  +4.27905813457e+001
  +3.74409629812e+001
  +3.20183526132e+001
  +2.65184968647e+001
  +2.09373053489e+001
  +1.52710141975e+001
  +9.51640900458e+000
  +3.67112763293e+000
  -2.26592731553e+000
  -8.29402037412e+000
  -1.44097835218e+001
  -2.06060503628e+001
  -2.68700677811e+001
  -3.31805598040e+001
  -3.95024814153e+001
  -4.57766507927e+001
  -5.18966529122e+001
  -5.76490939763e+001
  -6.25239305226e+001
  -6.48847854918e+001
  -5.52726081865e+001
  +3.69600275418e+001
  +6.39166172854e+001
  +6.36689605247e+001
  +5.93880828913e+001
  +5.38679618490e+001
  +4.78508257071e+001
  +4.16211720760e+001
  +3.53133790958e+001
  +2.89996858086e+001
  +2.27220636117e+001
  +1.65058361139e+001
  +1.03662977419e+001
  +4.31229254710e+000
  -1.65166821413e+000
  -7.52405725013e+000
  -1.33054219227e+001
  -1.89977459746e+001
  -2.46039896464e+001
  -3.01277534448e+001
  -3.55730309215e+001
  -4.09440271646e+001
  -4.62450265393e+001
  -5.14802976259e+001
  -5.66540263146e+001
  -6.17702701767e+001
  -6.68329288426e+001
  -7.18457263297e+001
  -7.68122022108e+001
  -8.17357092327e+001
  -8.66194155679e+001
  -9.14663103156e+001
  -9.62792112115e+001
  -1.01060773769e+002
  -1.05813501275e+002
  -1.10539755221e+002
  -1.15241765865e+002
  -1.19921642721e+002
  -1.24581384821e+002
  -1.29222890665e+002
  -1.33847967805e+002
  -1.38458342037e+002
  -1.43055666189e+002
  -1.47641528527e+002
  -1.52217460795e+002
  -1.56784945912e+002
  -1.61345425370e+002
  -1.65900306362e+002
  -1.70450968689e+002
  -1.74998771475e+002
  -1.79545059744e+002
  +1.75908829101e+002
  +1.71361558869e+002
  +1.66811788170e+002
  +1.62258163989e+002
  +1.57699315188e+002
  +1.53133845897e+002
  +1.48560328754e+002
  +1.43977297961e+002
  +1.39383242107e+002
  +1.34776596740e+002
  +1.30155736646e+002
  +1.25518967825e+002
  +1.20864519134e+002
  +1.16190533615e+002
  +1.11495059504e+002
  +1.06776040976e+002
  +1.02031308677e+002
  +9.72585701750e+001
  +9.24554004645e+001
  +8.76192327875e+001
  +8.27473500852e+001
  +7.78368775404e+001
  +7.28847768295e+001
  +6.78878429145e+001
  +6.28427044826e+001
  +5.77458295021e+001
  +5.25935378282e+001
  +4.73820233992e+001
  +4.21073893537e+001
  +3.67657004273e+001
  +3.13530583570e+001
  +2.58657078509e+001
  +2.03001832066e+001
  +1.46535092604e+001
  +8.92347570625e+000
  +3.10901224247e+000
  -2.78929401732e+000
  -8.76847280366e+000
  -1.48221247102e+001
  -2.09388529064e+001
  -2.70997830128e+001
  -3.32743668575e+001
  -3.94126779484e+001
  -4.54298255186e+001
  -5.11705115071e+001
  -5.63154504004e+001
  -6.00772081269e+001
  -5.98341399215e+001
  -4.05932818748e+001
  +3.85090451080e+001
  +5.94963472432e+001
  +6.00253453274e+001
  +5.63507623213e+001
</dep>
<dep phaseS11 frequency>
  +1.72722552549e+002
  +1.65469969196e+002
  +1.58262175902e+002
  +1.51118011241e+002
  +1.44054166967e+002
  +1.37084695300e+002
  +1.30220770330e+002
  +1.23470656139e+002
  +1.16839840396e+002
  +1.10331287671e+002
  +1.03945766822e+002
  +9.76822118972e+001
  +9.15380843643e+001
  +8.55097137817e+001
  +7.95926027462e+001
  +7.37816891607e+001
  +6.80715642154e+001
  +6.24566480726e+001
  +5.69313273760e+001
  +5.14900597183e+001
  +4.61274504593e+001
  +4.08383070575e+001
  +3.56176755891e+001
  +3.04608635282e+001
  +2.53634522457e+001
  +2.03213021185e+001
  +1.53305526534e+001
  +1.03876196457e+001
  +5.48919111769e+000
  +6.32223634284e-001
  -4.18605941325e+000
  -8.96816578424e+000
  -1.37163264266e+001
  -1.84324785667e+001
  -2.31182354246e+001
  -2.77748356741e+001
  -3.24030614684e+001
  -3.70031061126e+001
  -4.15743579942e+001
  -4.61150390676e+001
  -5.06215775949e+001
  -5.50874652186e+001
  -5.95010372714e+001
  -6.38407880626e+001
  -6.80643247596e+001
  -7.20779748107e+001
  -7.56313484164e+001
  -7.77709461953e+001
  -6.90176122135e+001
  +7.31198596770e+001
  +7.74080782848e+001
  +7.48890114095e+001
  +7.12294849382e+001
  +6.71709012211e+001
  +6.29233275043e+001
  +5.85683963421e+001
  +5.41438857655e+001
  +4.96692205657e+001
  +4.51550111802e+001
  +4.06071817034e+001
  +3.60289553038e+001
  +3.14218883123e+001
  +2.67864428392e+001
  +2.21223191019e+001
  +1.74286551118e+001
  +1.27041494533e+001
  +7.94713755043e+000
  +3.15563877643e+000
  -1.67261526876e+000
  -6.54016490462e+000
  -1.14498147763e+001
  -1.64046316525e+001
  -2.14079454789e+001
  -2.64633519334e+001
  -3.15747148736e+001
  -3.67461670353e+001
  -4.19821071790e+001
  -4.72871915954e+001
  -5.26663174913e+001
  -5.81245953085e+001
  -6.36673064828e+001
  -6.92998425919e+001
  -7.50276213277e+001
  -8.08559743657e+001
  -8.67900021679e+001
  -9.28343912459e+001
  -9.89931907263e+001
  -1.05269547508e+002
  -1.11665403197e+002
  -1.18181161530e+002
  -1.24815342150e+002
  -1.31564244791e+002
  -1.38421656227e+002
  -1.45378638804e+002
  -1.52423441917e+002
  -1.59541573906e+002
  -1.66716060068e+002
  -1.73927892835e+002
  +1.78843345010e+002
  +1.71618729156e+002
  +1.64419180690e+002
  +1.57264667777e+002
  +1.50173496207e+002
  +1.43161747882e+002
  +1.36242902751e+002
  +1.29427653379e+002
  +1.22723897837e+002
  +1.16136879770e+002
  +1.09669435820e+002
  +1.03322309400e+002
  +9.70944940875e+001
  +9.09835773768e+001
  +8.49860638861e+001
  +7.90976650752e+001
  +7.33135490555e+001
  +6.76285489932e+001
  +6.20373319200e+001
  +5.65345317526e+001
  +5.11148512973e+001
  +4.57731382881e+001
  +4.05044403343e+001
  +3.53040432413e+001
  +3.01674966499e+001
  +2.50906304147e+001
  +2.00695646703e+001
  +1.51007161622e+001
  +1.01808031592e+001
  +5.30685116665e+000
  +4.76201744370e-001
  -4.31347293557e+000
  -9.06414646894e+000
  -1.37774010084e+001
  -1.84543698870e+001
  -2.30956500676e+001
  -2.77011685645e+001
  -3.22699767896e+001
  -3.67999283897e+001
  -4.12871616273e+001
  -4.57252393464e+001
  -5.01036576704e+001
  -5.44051174709e+001
  -5.86001820249e+001
  -6.26358643584e+001
  -6.64082574534e+001
  -6.96854099912e+001
  -7.18301117480e+001
  -7.02775566513e+001
  -3.83404516659e+001
  +6.34526786840e+001
  +7.16973452649e+001
  +7.08414754253e+001
  +6.80199676132e+001
  +6.44606672093e+001
  +6.05426837180e+001
  +5.64205520049e+001
  +5.21684631930e+001
  +4.78260119559e+001
  +4.34158691720e+001
  +3.89516067546e+001
  +3.44415283414e+001
  +2.98906947685e+001
  +2.53020618748e+001
  +2.06771512001e+001
  +1.60164607536e+001
  +1.13197241810e+001
  +6.58607789530e+000
  +1.81417038601e+000
  -2.99776586191e+000
  -7.85186717677e+000
  -1.27506080895e+001
  -1.76967818282e+001
  -2.26934880334e+001
  -2.77441247382e+001
  -3.28523821545e+001
  -3.80222360169e+001
  -4.32579382274e+001
  -4.85640023775e+001
  -5.39451814200e+001
  -5.94064343636e+001
  -6.49528783915e+001
  -7.05897223228e+001
  -7.63221769127e+001
  -8.21553372475e+001
  -8.80940325936e+001
  -9.41426397318e+001
  -1.00304857315e+002
  -1.06583441435e+002
  -1.12979906620e+002
  -1.19494202069e+002
  -1.26124379920e+002
  -1.32866280111e+002
  -1.39713263942e+002
  -1.46656033794e+002
  -1.53682577699e+002
  -1.60778272347e+002
  -1.67926165551e+002
  -1.75107439590e+002
  +1.77697967143e+002
  +1.70510626565e+002
  +1.63350840024e+002
  +1.56237882709e+002
  +1.49189341671e+002
  +1.42220600284e+002
  +1.35344499314e+002
  +1.28571180263e+002
  +1.21908095337e+002
  +1.15360153481e+002
  +1.08929964648e+002
  +1.02618143874e+002
  +9.64236411304e+001
  +9.03440699673e+001
  +8.43760158020e+001
  +7.85153120629e+001
  +7.27572784121e+001
  +6.70969198013e+001
  +6.15290881596e+001
  +5.60486103507e+001
  +5.06503869361e+001
  +4.53294665456e+001
  +4.00811005136e+001
  +3.49007820743e+001
  +2.97842739588e+001
  +2.47276277855e+001
  +1.97271982529e+001
  +1.47796548677e+001
  +9.88199381328e+000
  +5.03155262937e+000
  +2.26030688018e-001
  -4.53648087703e+000
  -9.25745494335e+000
  -1.39378630378e+001
  -1.85780787071e+001
  -2.31777339976e+001
  -2.77355040924e+001
  -3.22487788423e+001
  -3.67131503974e+001
  -4.11215903893e+001
  -4.54630795056e+001
  -4.97202196765e+001
  -5.38648342728e+001
  -5.78492717695e+001
  -6.15875984608e+001
  -6.49097647053e+001
  -6.74296492870e+001
  -6.80566414066e+001
  -6.22195620451e+001
  -1.17410483012e+001
  +5.85974475652e+001
  +6.75512226475e+001
  +6.76059598725e+001
  +6.53341441300e+001
  +6.21288810520e+001
  +5.84549633663e+001
  +5.45100056411e+001
  +5.03915960776e+001
  +4.61529987451e+001
  +4.18253662961e+001
  +3.74277976241e+001
  +3.29723452824e+001
  +2.84666988874e+001
  +2.39157096741e+001
  +1.93222984385e+001
  +1.46880172717e+001
  +1.00134079030e+001
  +5.29823584788e+000
  +5.41646166714e-001
  -4.25773165452e+000
  -9.10171259135e+000
  -1.39925077113e+001
  -1.89326911664e+001
  -2.39251773688e+001
  -2.89732044892e+001
  -3.40803211788e+001
  -3.92503737917e+001
  -4.44874915023e+001
  -4.97960666274e+001
  -5.51807272271e+001
  -6.06462987185e+001
  -6.61977508253e+001
  -7.18401257715e+001
  -7.75784432963e+001
  -8.34175779323e+001
  -8.93621042379e+001
  -9.54161065072e+001
  -1.01582951176e+002
  -1.07865022967e+002
  -1.14263429979e+002
  -1.20777688559e+002
  -1.27405405558e+002
  -1.34141983008e+002
  -1.40980376953e+002
  -1.47910946564e+002
  -1.54921429657e+002
  -1.61997074538e+002
  -1.69120944883e+002
  -1.76274394898e+002
  +1.76562310861e+002
  +1.69409280433e+002
  +1.62286243300e+002
  +1.55211833998e+002
</dep>
<dep dBS21 frequency>
  -2.39649404948e+001
  -1.79955692519e+001
  -1.45511504963e+001
  -1.21555073326e+001
  -1.03446948235e+001
  -8.91077059518e+000
  -7.74163378282e+000
  -6.76934183329e+000
  -5.94920640462e+000
  -5.25001289994e+000
  -4.64894514964e+000
  -4.12873560328e+000
  -3.67596050060e+000
  -3.27996448918e+000
  -2.93215070062e+000
  -2.62549318322e+000
  -2.35419035035e+000
  -2.11341127305e+000
  -1.89910522193e+000
  -1.70785564783e+000
  -1.53676625979e+000
  -1.38337085516e+000
  -1.24556109942e+000
  -1.12152811434e+000
  -1.00971484960e+000
  -9.08776981821e-001
  -8.17550628067e-001
  -7.35025552986e-001
  -6.60322837898e-001
  -5.92676197078e-001
  -5.31416291907e-001
  -4.75957521394e-001
  -4.25786867563e-001
  -3.80454453085e-001
  -3.39565531392e-001
  -3.02773679926e-001
  -2.69775007830e-001
  -2.40303222447e-001
  -2.14125425930e-001
  -1.91038535376e-001
  -1.70866238145e-001
  -1.53456409095e-001
  -1.38678929082e-001
  -1.26423854606e-001
  -1.16599897427e-001
  -1.09133180531e-001
  -1.03966243433e-001
  -1.01057275453e-001
  -1.00379560717e-001
  -1.01921123170e-001
  -1.05684564152e-001
  -1.11687089061e-001
  -1.19960723548e-001
  -1.30552723606e-001
  -1.43526187923e-001
  -1.58960885179e-001
  -1.76954313595e-001
  -1.97623015201e-001
  -2.21104173143e-001
  -2.47557527032e-001
  -2.77167649111e-001
  -3.10146633195e-001
  -3.46737259124e-001
  -3.87216708398e-001
  -4.31900922144e-001
  -4.81149711250e-001
  -5.35372751152e-001
  -5.95036621372e-001
  -6.60673083715e-001
  -7.32888834679e-001
  -8.12377019203e-001
  -8.99930857211e-001
  -9.96459815213e-001
  -1.10300885767e+000
  -1.22078144404e+000
  -1.35116710764e+000
  -1.49577467609e+000
  -1.65647249249e+000
  -1.83543740417e+000
  -2.03521485305e+000
  -2.25879320953e+000
  -2.50969667074e+000
  -2.79210280868e+000
  -3.11099356847e+000
  -3.47235280548e+000
  -3.88343042238e+000
  -4.35310484004e+000
  -4.89239572528e+000
  -5.51521510452e+000
  -6.23951274412e+000
  -7.08910508649e+000
  -8.09675668163e+000
  -9.30971691039e+000
  -1.08005019975e+001
  -1.26902418422e+001
  -1.52073837969e+001
  -1.88735894384e+001
  -2.53921831848e+001
  -3.51017922752e+001
  -2.27483545220e+001
  -1.75223034963e+001
  -1.43211369481e+001
  -1.20449729720e+001
  -1.03044427925e+001
  -8.91618952091e+000
  -7.77858327422e+000
  -6.82891498294e+000
  -6.02542105591e+000
  -5.33866280705e+000
  -4.74697331636e+000
  -4.23386648389e+000
  -3.78647074147e+000
  -3.39453269695e+000
  -3.04975483183e+000
  -2.74533804337e+000
  -2.47565494867e+000
  -2.23600975705e+000
  -2.02245739087e+000
  -1.83166439885e+000
  -1.66080015728e+000
  -1.50745055042e+000
  -1.36954868265e+000
  -1.24531872378e+000
  -1.13323003278e+000
  -1.03195942617e+000
  -9.40359967835e-001
  -8.57435025975e-001
  -7.82316616056e-001
  -7.14247253239e-001
  -6.52564694568e-001
  -5.96689072271e-001
  -5.46112014491e-001
  -5.00387424798e-001
  -4.59123651677e-001
  -4.21976827326e-001
  -3.88645193929e-001
  -3.58864267236e-001
  -3.32402713117e-001
  -3.09058834001e-001
  -2.88657579648e-001
  -2.71048011313e-001
  -2.56101160451e-001
  -2.43708233406e-001
  -2.33779122143e-001
  -2.26241188485e-001
  -2.21038295707e-001
  -2.18130066949e-001
  -2.17491354846e-001
  -2.19111911333e-001
  -2.22996250736e-001
  -2.29163703272e-001
  -2.37648659955e-001
  -2.48501013859e-001
  -2.61786806740e-001
  -2.77589094352e-001
  -2.96009048500e-001
  -3.17167319136e-001
  -3.41205685726e-001
  -3.68289033951e-001
  -3.98607701775e-001
  -4.32380248195e-001
  -4.69856709094e-001
  -5.11322417775e-001
  -5.57102483581e-001
  -6.07567041088e-001
  -6.63137405504e-001
  -7.24293298112e-001
  -7.91581340136e-001
  -8.65625055974e-001
  -9.47136679498e-001
  -1.03693112292e+000
  -1.13594255054e+000
  -1.24524410487e+000
  -1.36607146738e+000
  -1.49985111179e+000
  -1.64823433897e+000
  -1.81313849310e+000
  -1.99679718369e+000
  -2.20182193161e+000
  -2.43127850625e+000
  -2.68878246587e+000
  -2.97862028405e+000
  -3.30590533434e+000
  -3.67678258522e+000
  -4.09870332623e+000
  -4.58080378755e+000
  -5.13444326749e+000
  -5.77399651541e+000
  -6.51806860575e+000
  -7.39144584092e+000
  -8.42840224909e+000
  -9.67867846584e+000
  -1.12192043956e+001
  -1.31796605177e+001
  -1.58070711134e+001
  -1.96684885356e+001
  -2.64848001339e+001
  -3.02922347139e+001
  -2.16112599181e+001
  -1.70096707212e+001
  -1.40374807246e+001
  -1.18788676540e+001
  -1.02095389942e+001
  -8.86874265895e+000
  -7.76473444214e+000
  -6.83982394577e+000
  -6.05508067270e+000
  -5.38279845894e+000
  -4.80243796225e+000
  -4.29828392042e+000
  -3.85801261303e+000
  -3.47177211628e+000
  -3.13156625257e+000
  -2.83082638021e+000
  -2.56410396640e+000
  -2.32684362066e+000
  -2.11521149002e+000
  -1.92596288348e+000
  -1.75633843800e+000
  -1.60398153919e+000
  -1.46687189304e+000
  -1.34327158367e+000
  -1.23168092562e+000
  -1.13080209333e+000
  -1.03950898989e+000
  -9.56822163933e-001
  -8.81887841399e-001
  -8.13960331955e-001
  -7.52387218586e-001
  -6.96596853523e-001
  -6.46087773945e-001
  -6.00419722299e-001
  -5.59206013122e-001
  -5.22107034174e-001
  -4.88824706851e-001
  -4.59097761136e-001
  -4.32697705149e-001
  -4.09425389743e-001
  -3.89108085496e-001
  -3.71597003468e-001
  -3.56765202861e-001
  -3.44505838582e-001
  -3.34730710131e-001
  -3.27369080394e-001
  -3.22366739175e-001
  -3.19685291757e-001
  -3.19301657660e-001
  -3.21207769222e-001
  -3.25410463761e-001
  -3.31931567057e-001
  -3.40808169758e-001
  -3.52093102287e-001
  -3.65855617899e-001
  -3.82182297918e-001
  -4.01178197965e-001
  -4.22968259321e-001
  -4.47699015609e-001
  -4.75540631941e-001
  -5.06689321787e-001
  -5.41370196342e-001
  -5.79840612452e-001
  -6.22394098627e-001
  -6.69364954818e-001
  -7.21133641142e-001
  -7.78133094336e-001
  -8.40856139583e-001
  -9.09864200574e-001
  -9.85797554233e-001
  -1.06938743040e+000
  -1.16147032416e+000
  -1.26300497327e+000
  -1.37509256105e+000
  -1.49900084375e+000
  -1.63619308205e+000
  -1.78836289559e+000
  -1.95747648128e+000
  -2.14582407817e+000
  -2.35608318198e+000
  -2.59139690297e+000
  -2.85547217132e+000
  -3.15270447190e+000
  -3.48833885291e+000
  -3.86868182261e+000
  -4.30138670816e+000
  -4.79584844534e+000
  -5.36376704784e+000
  -6.01998097021e+000
  -6.78375055129e+000
  -7.68082819860e+000
  -8.74698211059e+000
  -1.00343929401e+001
  -1.16242321547e+001
  -1.36540844355e+001
  -1.63864965124e+001
  -2.04116778311e+001
  -2.70879235317e+001
  -2.74033308558e+001
  -2.06134996640e+001
  -1.65199118422e+001
  -1.37546821823e+001
</dep>
<dep dBS11 frequency>
  -3.37767435691e-002
  -9.33446921635e-002
  -1.85267353326e-001
  -3.08915738255e-001
  -4.62835572361e-001
  -6.45145398188e-001
  -8.53719227385e-001
  -1.08631790888e+000
  -1.34069432104e+000
  -1.61467684592e+000
  -1.90623239633e+000
  -2.21351060878e+000
  -2.53487165242e+000
  -2.86890066243e+000
  -3.21441196018e+000
  -3.57044604867e+000
  -3.93626199909e+000
  -4.31132738828e+000
  -4.69530749188e+000
  -5.08805503529e+000
  -5.48960148007e+000
  -5.90015058434e+000
  -6.32007482187e+000
  -6.74991516899e+000
  -7.19038476763e+000
  -7.64237704438e+000
  -8.10697901407e+000
  -8.58549073411e+000
  -9.07945222689e+000
  -9.59067969182e+000
  -1.01213135527e+001
  -1.06738819338e+001
  -1.12513847013e+001
  -1.18574055186e+001
  -1.24962629184e+001
  -1.31732169836e+001
  -1.38947572840e+001
  -1.46690128623e+001
  -1.55063513317e+001
  -1.64202816895e+001
  -1.74288658369e+001
  -1.85570260381e+001
  -1.98405301171e+001
  -2.13333693482e+001
  -2.31227153726e+001
  -2.53632580480e+001
  -2.83718712036e+001
  -3.29815362760e+001
  -4.31205586328e+001
  -4.05378145486e+001
  -3.20629870861e+001
  -2.78211646023e+001
  -2.49729994196e+001
  -2.28228379737e+001
  -2.10918863365e+001
  -1.96401894772e+001
  -1.83874735217e+001
  -1.72834066136e+001
  -1.62943433930e+001
  -1.53966781092e+001
  -1.45732096227e+001
  -1.38110162811e+001
  -1.31001458095e+001
  -1.24327720139e+001
  -1.18026322151e+001
  -1.12046405585e+001
  -1.06346154312e+001
  -1.00890832040e+001
  -9.56513442274e+000
  -9.06031694171e+000
  -8.57255567567e+000
  -8.10009195880e+000
  -7.64143766215e+000
  -7.19534066771e+000
  -6.76075928231e+000
  -6.33684385536e+000
  -5.92292433836e+000
  -5.51850285144e+000
  -5.12325054140e+000
  -4.73700814746e+000
  -4.35978974774e+000
  -3.99178914392e+000
  -3.63338825351e+000
  -3.28516671477e+000
  -2.94791166624e+000
  -2.62262634368e+000
  -2.31053575789e+000
  -2.01308731021e+000
  -1.73194383234e+000
  -1.46896630032e+000
  -1.22618350134e+000
  -1.00574638166e+000
  -8.09865819630e-001
  -6.40734231703e-001
  -5.00433681419e-001
  -3.90835775076e-001
  -3.13501132809e-001
  -2.69588001845e-001
  -2.59780012744e-001
  -2.84241771113e-001
  -3.42607947757e-001
  -4.34007293724e-001
  -5.57118456705e-001
  -7.10250606899e-001
  -8.91439469149e-001
  -1.09854873392e+000
  -1.32936782702e+000
  -1.58169914870e+000
  -1.85343050549e+000
  -2.14259098169e+000
  -2.44739054969e+000
  -2.76624513376e+000
  -3.09778962838e+000
  -3.44088164348e+000
  -3.79459865961e+000
  -4.15823097437e+000
  -4.53127242809e+000
  -4.91341049402e+000
  -5.30451695866e+000
  -5.70464012594e+000
  -6.11399926475e+000
  -6.53298188331e+000
  -6.96214435178e+000
  -7.40221640431e+000
  -7.85411013268e+000
  -8.31893424265e+000
  -8.79801459428e+000
  -9.29292241603e+000
  -9.80551211178e+000
  -1.03379713415e+001
  -1.08928871617e+001
  -1.14733336420e+001
  -1.20829888290e+001
  -1.27262927077e+001
  -1.34086637763e+001
  -1.41368015542e+001
  -1.49191186272e+001
  -1.57663742143e+001
  -1.66926328390e+001
  -1.77167703382e+001
  -1.88649495600e+001
  -2.01749244054e+001
  -2.17040707838e+001
  -2.35458205143e+001
  -2.58678030527e+001
  -2.90181407113e+001
  -3.39211673167e+001
  -4.39677793725e+001
  -3.80791807273e+001
  -3.12368433868e+001
  -2.73699399765e+001
  -2.46837478177e+001
  -2.26232738818e+001
  -2.09490808291e+001
  -1.95364408846e+001
  -1.83121931601e+001
  -1.72297694578e+001
  -1.62577013816e+001
  -1.53737297581e+001
  -1.45615313361e+001
  -1.38087816384e+001
  -1.31059492067e+001
  -1.24455134365e+001
  -1.18214394628e+001
  -1.12288153001e+001
  -1.06635949312e+001
  -1.01224126523e+001
  -9.60244662748e+000
  -9.10131725282e+000
  -8.61701070516e+000
  -8.14782111035e+000
  -7.69230677676e+000
  -7.24925728774e+000
  -6.81766916785e+000
  -6.39672847500e+000
  -5.98579911397e+000
  -5.58441597158e+000
  -5.19228217555e+000
  -4.80926989616e+000
  -4.43542415430e+000
  -4.07096907277e+000
  -3.71631591078e+000
  -3.37207205075e+000
  -3.03904986140e+000
  -2.71827404817e+000
  -2.41098573850e+000
  -2.11864117495e+000
  -1.84290256867e+000
  -1.58561849860e+000
  -1.34879135596e+000
  -1.13452987329e+000
  -9.44985866286e-001
  -7.82276008300e-001
  -6.48391667428e-001
  -5.45102296506e-001
  -4.73860114175e-001
  -4.35715270795e-001
  -4.31250811702e-001
  -4.60545227216e-001
  -5.23167313677e-001
  -6.18204006414e-001
  -7.44317639134e-001
  -8.99825635559e-001
  -1.08279360988e+000
  -1.29113248256e+000
  -1.52269131326e+000
  -1.77533962094e+000
  -2.04703541285e+000
  -2.33587746933e+000
  -2.64014229905e+000
  -2.95830745313e+000
  -3.28906358360e+000
  -3.63131786184e+000
  -3.98419127663e+000
  -4.34701204588e+000
  -4.71930700965e+000
  -5.10079249937e+000
  -5.49136584645e+000
  -5.89109842573e+000
  -6.30023093470e+000
  -6.71917148844e+000
  -7.14849706092e+000
  -7.58895882286e+000
  -8.04149201780e+000
  -8.50723118672e+000
  -8.98753181584e+000
  -9.48399986763e+000
  -9.99853121112e+000
  -1.05333637660e+001
  -1.10911463388e+001
  -1.16750298474e+001
  -1.22887892263e+001
  -1.29369883075e+001
  -1.36252063152e+001
  -1.43603549496e+001
  -1.51511324511e+001
  -1.60086914712e+001
  -1.69476531291e+001
  -1.79877062117e+001
  -1.91562475206e+001
  -2.04929942166e+001
  -2.20586337487e+001
  -2.39526073209e+001
  -2.63544641153e+001
  -2.96379083962e+001
  -3.47603403300e+001
  -4.27869147724e+001
  -3.61861355985e+001
  -3.04633492420e+001
  -2.69250041999e+001
  -2.43895379120e+001
  -2.24146746619e+001
  -2.07954199751e+001
  -1.94209229147e+001
  -1.82246546001e+001
  -1.71636071860e+001
  -1.62083921430e+001
  -1.53380460505e+001
  -1.45370949687e+001
  -1.37937945754e+001
  -1.30990235972e+001
  -1.24455601027e+001
  -1.18275923774e+001
  -1.12403790576e+001
  -1.06800073887e+001
  -1.01432178660e+001
  -9.62727495426e+000
  -9.12987055355e+000
  -8.64905125807e+000
  -8.18316327433e+000
  -7.73081072916e+000
  -7.29082435124e+000
  -6.86223836861e+000
  -6.44427406029e+000
  -6.03632881338e+000
  -5.63796982018e+000
  -5.24893173445e+000
  -4.86911770898e+000
  -4.49860326879e+000
  -4.13764243745e+000
  -3.78667542804e+000
  -3.44633703385e+000
  -3.11746460767e+000
  -2.80110421149e+000
  -2.49851317197e+000
  -2.21115693359e+000
  -1.94069782941e+000
  -1.68897328893e+000
  -1.45796119666e+000
  -1.24973073736e+000
  -1.06637821710e+000
  -9.09949059563e-001
  -7.82349331481e-001
  -6.85252460311e-001
  -6.20008814287e-001
  -5.87566974721e-001
  -5.88415368051e-001
  -6.22551218482e-001
  -6.89480698033e-001
  -7.88250254388e-001
</dep>
<dep S[1,1] frequency>
  -9.88094505289e-001+j1.26182532791e-001
  -9.57668988151e-001+j2.48205634053e-001
  -9.09285184921e-001+j3.62544035251e-001
  -8.45022170140e-001+j4.66130772758e-001
  -7.67562718453e-001+j5.56559027682e-001
  -6.79935885666e-001+j6.32173957081e-001
  -5.85285882522e-001+j6.92083254998e-001
  -4.86673132123e-001+j7.36101717250e-001
  -3.86920017865e-001+j7.64649820599e-001
  -2.88506543885e-001+j7.78627555482e-001
  -1.93513590510e-001+j7.79282252974e-001
  -1.03606282179e-001+j7.68084445110e-001
  -2.00475718998e-002+j7.46620507884e-001
  +5.62680289669e-002+j7.16506117319e-001
  +1.24769392932e-001+j6.79320985033e-001
  +1.85159288253e-001+j6.36563046326e-001
  +2.37365334554e-001+j5.89619081014e-001
  +2.81494482187e-001+j5.39748367140e-001
  +3.17792676534e-001+j4.88076107223e-001
  +3.46610345619e-001+j4.35593785047e-001
  +3.68373675280e-001+j3.83164136992e-001
  +3.83561236555e-001+j3.31528948702e-001
  +3.92685328897e-001+j2.81318358028e-001
  +3.96277334808e-001+j2.33060735074e-001
  +3.94876395549e-001+j1.87192516690e-001
  +3.89020777143e-001+j1.44067603558e-001
  +3.79241376273e-001+j1.03966095250e-001
  +3.66056901402e-001+j6.71022555332e-002
  +3.49970346543e-001+j3.36316785357e-002
  +3.31466448860e-001+j3.65767654006e-003
  +3.11009884948e-001-j2.27630600208e-002
  +2.89044013985e-001-j4.56154639059e-002
  +2.65990019599e-001-j6.49216808657e-002
  +2.42246337519e-001-j8.07371746354e-002
  +2.18188284002e-001-j9.31472771983e-002
  +1.94167821953e-001-j1.02264119820e-001
  +1.70513418651e-001-j1.08223886769e-001
  +1.47529962071e-001-j1.11184340366e-001
  +1.25498712704e-001-j1.11322572542e-001
  +1.04677275235e-001-j1.08832944256e-001
  +8.52995799803e-002-j1.03925179718e-001
  +6.75758679981e-002-j9.68225873470e-002
  +5.16926766739e-002-j8.77603838036e-002
  +3.78128245839e-002-j7.69841011959e-002
  +2.60753957434e-002-j6.47480608121e-002
  +1.65957241613e-002-j5.13138994430e-002
  +9.46538004258e-003-j3.69491366124e-002
  +4.75215911590e-003-j2.19257728575e-002
  +2.50007648609e-003-j6.51891063756e-003
  +2.72936619134e-003+j8.99460947778e-003
  +5.43648731787e-003+j2.43375639413e-002
  +1.05941371410e-002+j3.92336988628e-002
  +1.81512713527e-002+j5.34090862034e-002
  +2.80331310330e-002+j6.65934897705e-002
  +4.01412756660e-002+j7.85217477456e-002
  +5.43536212159e-002+j8.89351792793e-002
  +7.05244821229e-002+j9.75830238283e-002
  +8.84846160851e-002+j1.04223923403e-001
  +1.08041270745e-001+j1.08627459778e-001
  +1.28978231964e-001+j1.10575761009e-001
  +1.51055874349e-001+j1.09865194383e-001
  +1.74011216262e-001+j1.06308166140e-001
  +1.97557983790e-001+j9.97350521491e-002
  +2.21386691391e-001+j8.99962879999e-002
  +2.45164751392e-001+j7.69646519089e-002
  +2.68536630524e-001+j6.05377792453e-002
  +2.91124079763e-001+j4.06409533278e-002
  +3.12526474353e-001+j1.72302232500e-002
  +3.32321314789e-001-j9.70409448985e-003
  +3.50064957419e-001-j4.01334683448e-002
  +3.65293666271e-001-j7.39866918387e-002
  +3.77525106588e-001-j1.11144843836e-001
  +3.86260436703e-001-j1.51435604386e-001
  +3.90987199140e-001-j1.94626871552e-001
  +3.91183265271e-001-j2.40419645175e-001
  +3.86322150534e-001-j2.88440179326e-001
  +3.75880088463e-001-j3.38231462800e-001
  +3.59345328746e-001-j3.89244174298e-001
  +3.36230201357e-001-j4.40827386043e-001
  +3.06086555064e-001-j4.92219467529e-001
  +2.68525216750e-001-j5.42539881630e-001
  +2.23240101619e-001-j5.90782877806e-001
  +1.70037495253e-001-j6.35814474899e-001
  +1.08870775414e-001-j6.76374579372e-001
  +3.98803816122e-002-j7.11086571310e-001
  -3.65618950531e-002-j7.38477142097e-001
  -1.19806299424e-001-j7.57009467100e-001
  -2.08879602285e-001-j7.65132766663e-001
  -3.02445846335e-001-j7.61350713821e-001
  -3.98780342660e-001-j7.44309720873e-001
  -4.95765493927e-001-j7.12905649100e-001
  -5.90917766350e-001-j6.66403860398e-001
  -6.81454314918e-001-j6.04563002344e-001
  -7.64404678795e-001-j5.27748187405e-001
  -8.36767226124e-001-j4.37015506110e-001
  -8.95701965156e-001-j3.34148667673e-001
  -9.38742270088e-001-j2.21631453414e-001
  -9.64000268939e-001-j1.02547277612e-001
  -9.70336792091e-001+j1.95912751539e-002
  -9.57468984215e-001+j1.41066926593e-001
  -9.25997394350e-001+j2.58208990997e-001
  -8.77347848936e-001+j3.67638418339e-001
  -8.13638176996e-001+j4.66474928174e-001
  -7.37491900232e-001+j5.52482734678e-001
  -6.51827370715e-001+j6.24143712460e-001
  -5.59650629334e-001+j6.80659774584e-001
  -4.63874641798e-001+j7.21896520742e-001
  -3.67178995190e-001+j7.48286063319e-001
  -2.71915233087e-001+j7.60708191446e-001
  -1.80055720648e-001+j7.60366744248e-001
  -9.31791918433e-002+j7.48673804791e-001
  -1.24839583480e-002+j7.27149564090e-001
  +6.11803898388e-002+j6.97341465145e-001
  +1.27270830258e-001+j6.60763031739e-001
  +1.85504608554e-001+j6.18850715909e-001
  +2.35813274342e-001+j5.72936011850e-001
  +2.78299906104e-001+j5.24229728463e-001
  +3.13201085123e-001+j4.73815428048e-001
  +3.40854239352e-001+j4.22649410117e-001
  +3.61670353399e-001+j3.71565092804e-001
  +3.76111665692e-001+j3.21280122827e-001
  +3.84673780836e-001+j2.72404975082e-001
  +3.87871555248e-001+j2.25452162260e-001
  +3.86228121360e-001+j1.80845459240e-001
  +3.80266466292e-001+j1.38928762714e-001
  +3.70503052237e-001+j9.99743640379e-002
  +3.57443043288e-001+j6.41905242987e-002
  +3.41576778430e-001+j3.17283158194e-002
  +3.23377198451e-001+j2.68774302770e-003
  +3.03297993642e-001-j2.28768148184e-002
  +2.81772288966e-001-j4.49517803425e-002
  +2.59211724420e-001-j6.35601083522e-002
  +2.36005821554e-001-j7.87575026659e-002
  +2.12521553652e-001-j9.06290548617e-002
  +1.89103057938e-001-j9.92862449397e-002
  +1.66071444527e-001-j1.04864249562e-001
  +1.43724669378e-001-j1.07519509582e-001
  +1.22337448116e-001-j1.07427514575e-001
  +1.02161194870e-001-j1.04780767741e-001
  +8.34239756332e-002-j9.97868997687e-002
  +6.63304696789e-002-j9.26669048928e-002
  +5.10619353591e-002-j8.36534765041e-002
  +3.77761786605e-002-j7.29894232246e-002
  +2.66075241937e-002-j6.09261494113e-002
  +1.76667891491e-002-j4.77221866218e-002
  +1.10412612000e-002-j3.36417646982e-002
  +6.79468151629e-003-j1.89534128518e-002
  +4.96723401741e-003-j3.92858247617e-003
  +5.57554181721e-003+j1.11597155793e-002
  +8.61267153475e-003+j2.60382658601e-002
  +1.40481458108e-002+j4.04350014975e-002
  +2.18279640123e-002+j5.40803618810e-002
  +3.18746307633e-002+j6.67086611776e-002
  +4.40871916415e-002+j7.80594745907e-002
  +5.83412751717e-002+j8.78790500884e-002
  +7.44891401623e-002+j9.59217544975e-002
  +9.23597275392e-002+j1.01951564379e-001
  +1.11758716184e-001+j1.05743614001e-001
  +1.32468582980e-001+j1.07085815025e-001
  +1.54248668411e-001+j1.05780565293e-001
  +1.76835250781e-001+j1.01646567308e-001
  +1.99941634617e-001+j9.45207807687e-002
  +2.23258262304e-001+j8.42605377339e-002
  +2.46452862729e-001+j7.07458537778e-002
  +2.69170657141e-001+j5.38819736872e-002
  +2.91034650866e-001+j3.36021957946e-002
  +3.11646050620e-001+j9.87102468831e-003
  +3.30584861559e-001-j1.73122925633e-002
  +3.47410736640e-001-j4.79097869812e-002
  +3.61664174308e-001-j8.18402825142e-002
  +3.72868189921e-001-j1.18974342827e-001
  +3.80530622668e-001-j1.59128592849e-001
  +3.84147284038e-001-j2.02059370604e-001
  +3.83206206623e-001-j2.47455688827e-001
  +3.77193313215e-001-j2.94931525966e-001
  +3.65599894392e-001-j3.44017528808e-001
  +3.47932354692e-001-j3.94152302168e-001
  +3.23724756326e-001-j4.44673594180e-001
  +2.92554743643e-001-j4.94809869513e-001
  +2.54063452727e-001-j5.43673007109e-001
  +2.07979971148e-001-j5.90253171322e-001
  +1.54150774340e-001-j6.33417285284e-001
  +9.25742771874e-002-j6.71912968607e-001
  +2.34401422905e-002-j7.04380249787e-001
  -5.28277815383e-002-j7.29373752654e-001
  -1.35527102808e-001-j7.45398263682e-001
  -2.23634733034e-001-j7.50960435628e-001
  -3.15772204949e-001-j7.44638646955e-001
  -4.10185413550e-001-j7.25171474597e-001
  -5.04747052537e-001-j6.91562665248e-001
  -5.96990415736e-001-j6.43196896128e-001
  -6.84182028455e-001-j5.79956307415e-001
  -7.63437166129e-001-j5.02323512914e-001
  -8.31876477968e-001-j4.11453752443e-001
  -8.86814141416e-001-j3.09198486849e-001
  -9.25959630377e-001-j1.98066290478e-001
  -9.47608487649e-001-j8.11147592754e-002
  -9.50794869271e-001+j3.82216554799e-002
  -9.35381773411e-001+j1.56350889922e-001
  -9.02073851665e-001+j2.69762878009e-001
  -8.52350623554e-001+j3.75258431319e-001
  -7.88331419642e-001+j4.70138624690e-001
  -7.12593888034e-001+j5.52334230157e-001
  -6.27972959157e-001+j6.20466442901e-001
  -5.37366229619e-001+j6.73841929511e-001
  -4.43566067605e-001+j7.12394308784e-001
  -3.49130661304e-001+j7.36589092622e-001
  -2.56298080118e-001+j7.47309875301e-001
  -1.66940879475e-001+j7.45741204402e-001
  -8.25546103913e-002+j7.33259536930e-001
  -4.27175317416e-003+j7.11339289096e-001
  +6.71074390526e-002+j6.81477123020e-001
  +1.31074604433e-001+j6.45134713077e-001
  +1.87369247069e-001+j6.03698371440e-001
  +2.35935138701e-001+j5.58452942222e-001
  +2.76879768573e-001+j5.10567063770e-001
  +3.10438274985e-001+j4.61087013692e-001
  +3.36942428970e-001+j4.10936697285e-001
  +3.56794665171e-001+j3.60921778296e-001
  +3.70446808084e-001+j3.11736393259e-001
  +3.78382962065e-001+j2.63971288948e-001
  +3.81105967266e-001+j2.18122555857e-001
  +3.79126828867e-001+j1.74600395298e-001
  +3.72956572758e-001+j1.33737559250e-001
  +3.63100046292e-001+j9.57972497890e-002
  +3.50051254246e-001+j6.09803695877e-002
  +3.34289889798e-001+j2.94320862682e-002
  +3.16278783716e-001+j1.24771985921e-003
  +2.96462050280e-001-j2.35220088583e-002
  +2.75263755231e-001-j4.48663154677e-002
  +2.53086969722e-001-j6.28102135867e-002
  +2.30313105688e-001-j7.74108385940e-002
  +2.07301453183e-001-j8.87541729025e-002
  +1.84388860157e-001-j9.69521163365e-002
  +1.61889510657e-001-j1.02139850333e-001
  +1.40094769554e-001-j1.04473450259e-001
  +1.19273071046e-001-j1.04127705706e-001
  +9.96698352499e-002-j1.01294113922e-001
  +8.15074023692e-002-j9.61790164091e-002
  +6.49849778345e-002-j8.90018531264e-002
  +5.02785845499e-002-j7.99935125857e-002
  +3.75410203722e-002-j6.93947595263e-002
  +2.69018202530e-002-j5.74547247202e-002
  +1.84672233233e-002-j4.44294439005e-002
  +1.23201456622e-002-j3.05804348150e-002
  +8.52015969455e-003-j1.61733030335e-002
  +7.10348115471e-003-j1.47636840324e-003
  +8.08296440467e-003+j1.32406950184e-002
  +1.14481066558e-002+j2.77082121056e-002
  +1.71650613439e-002+j4.16578591114e-002
  +2.51766605965e-002+j5.48240216285e-002
  +3.54024464318e-002+j6.69451645354e-002
  +4.77387100912e-002+j7.77652209656e-002
  +6.20585387574e-002+j8.70350082107e-002
  +7.82118689035e-002+j9.45136796618e-002
  +9.60255457113e-002+j9.99702234422e-002
  +1.15303388458e-001+j1.03185020298e-001
  +1.35826262585e-001+j1.03951475634e-001
  +1.57352160460e-001+j1.02077743331e-001
  +1.79616294731e-001+j9.73885621933e-002
  +2.02331210903e-001+j8.97272295601e-002
  +2.25186929460e-001+j7.89577407832e-002
  +2.47851132943e-001+j6.49671278887e-002
  +2.69969420119e-001+j4.76680357418e-002
  +2.91165658230e-001+j2.70015792614e-002
  +3.11042475876e-001+j2.94053043974e-003
  +3.29181953968e-001-j2.45071113044e-002
  +3.45146591149e-001-j5.52941082135e-002
  +3.58480644031e-001-j8.93294738293e-002
  +3.68711972427e-001-j1.26473406059e-001
  +3.75354556371e-001-j1.66531613738e-001
  +3.77911895910e-001-j2.09249002141e-001
  +3.75881556732e-001-j2.54302710230e-001
  +3.68761184284e-001-j3.01294536697e-001
  +3.56056374236e-001-j3.49742859421e-001
  +3.37290854008e-001-j3.99074251722e-001
  +3.12019490966e-001-j4.48615137726e-001
  +2.79844685389e-001-j4.97584018178e-001
  +2.40436710795e-001-j5.45085045615e-001
  +1.93558502540e-001-j5.90104039172e-001
  +1.39095228759e-001-j6.31508400716e-001
  +7.70886567757e-002-j6.68052806745e-001
  +7.77579642751e-003-j6.98392960449e-001
  -6.83694949932e-002-j7.21110015824e-001
  -1.50594358583e-001-j7.34748404263e-001
  -2.37828026835e-001-j7.37869527427e-001
  -3.28651529626e-001-j7.29122913150e-001
  -4.21282899632e-001-j7.07334747875e-001
  -5.13585836549e-001-j6.71611059256e-001
  -6.03109859694e-001-j6.21449274973e-001
  -6.87168422428e-001-j5.56847799062e-001
  -7.62957779216e-001-j4.78399411775e-001
  -8.27713496381e-001-j3.87351889047e-001
  -8.78893994486e-001-j2.85619583559e-001
  -9.14372864806e-001-j1.75733833710e-001
  -9.32616031630e-001-j6.07281083207e-002
  -9.32818301738e-001+j5.60354162027e-002
  -9.14977788714e-001+j1.71080050258e-001
  -8.79895869662e-001+j2.81043389893e-001
  -8.29102695832e-001+j3.82891442906e-001
</dep>
<dep S[1,2] frequency>
  +8.95090100591e-003+j6.27153995643e-002
  +3.29092101318e-002+j1.21581632746e-001
  +7.09136907220e-002+j1.73312276747e-001
  +1.20888069494e-001+j2.15087232005e-001
  +1.80192857863e-001+j2.44745670798e-001
  +2.45865439241e-001+j2.60875541551e-001
  +3.14846566246e-001+j2.62822671808e-001
  +3.84177369287e-001+j2.50634151233e-001
  +4.51152490278e-001+j2.24955855755e-001
  +5.13423590428e-001+j1.86905302038e-001
  +5.69055363105e-001+j1.37938553909e-001
  +6.16541458502e-001+j7.97252126247e-002
  +6.54790182427e-001+j1.40402380233e-002
  +6.83090024930e-001-j5.73233689753e-002
  +7.01063829157e-001-j1.32620554905e-001
  +7.08618495568e-001-j2.10200698590e-001
  +7.05895095493e-001-j2.88537610137e-001
  +6.93222475362e-001-j3.66246441961e-001
  +6.71076014984e-001-j4.42090770277e-001
  +6.40042181061e-001-j5.14982687290e-001
  +6.00788843334e-001-j5.83978218426e-001
  +5.54040921510e-001-j6.48269852404e-001
  +5.00560730243e-001-j7.07177502009e-001
  +4.41132321579e-001-j7.60138823742e-001
  +3.76549138489e-001-j8.06699518276e-001
  +3.07604352679e-001-j8.46504003090e-001
  +2.35083340384e-001-j8.79286681656e-001
  +1.59757835562e-001-j9.04863916939e-001
  +8.23813819907e-002-j9.23126738862e-001
  +3.68577956190e-003-j9.34034265538e-001
  -7.56217163333e-002-j9.37607788455e-001
  -1.54860630158e-001-j9.33925456243e-001
  -2.33379080527e-001-j9.23117485422e-001
  -3.10555282548e-001-j9.05361826431e-001
  -3.85798819487e-001-j8.80880216795e-001
  -4.58551743214e-001-j8.49934558961e-001
  -5.28289546032e-001-j8.12823566972e-001
  -5.94522033577e-001-j7.69879633067e-001
  -6.56794118699e-001-j7.21465872084e-001
  -7.14686548979e-001-j6.67973307859e-001
  -7.67816575177e-001-j6.09818171634e-001
  -8.15838564071e-001-j5.47439287624e-001
  -8.58444556493e-001-j4.81295525453e-001
  -8.95364769590e-001-j4.11863303095e-001
  -9.26368041226e-001-j3.39634127332e-001
  -9.51262213910e-001-j2.65112161551e-001
  -9.69894455425e-001-j1.88811813092e-001
  -9.82151513448e-001-j1.11255334236e-001
  -9.87959901812e-001-j3.29704324380e-002
  -9.87286016489e-001+j4.55121134463e-002
  -9.80136180014e-001+j1.23660833438e-001
  -9.66556613676e-001+j2.00945945250e-001
  -9.46633337490e-001+j2.76841733559e-001
  -9.20491998635e-001+j3.50828931842e-001
  -8.88297629643e-001+j4.22397109419e-001
  -8.50254338193e-001+j4.91047067172e-001
  -8.06604930748e-001+j5.56293246639e-001
  -7.57630472538e-001+j6.17666158732e-001
  -7.03649786377e-001+j6.74714840317e-001
  -6.45018892478e-001+j7.27009349302e-001
  -5.82130390668e-001+j7.74143311761e-001
  -5.15412785095e-001+j8.15736538020e-001
  -4.45329749445e-001+j8.51437728564e-001
  -3.72379327668e-001+j8.80927295140e-001
  -2.97093060965e-001+j9.03920327488e-001
  -2.20035025931e-001+j9.20169741763e-001
  -1.41800760840e-001+j9.29469652757e-001
  -6.30160466098e-002+j9.31659018327e-001
  +1.56645047556e-002+j9.26625610699e-001
  +9.35591192639e-002+j9.14310374973e-001
  +1.69960875339e-001+j8.94712239403e-001
  +2.44140180165e-001+j8.67893443655e-001
  +3.15347860602e-001+j8.33985448478e-001
  +3.82819065536e-001+j7.93195480468e-001
  +4.45778229913e-001+j7.45813745350e-001
  +5.03445413330e-001+j6.92221307618e-001
  +5.55044397321e-001+j6.32898577097e-001
  +5.99813002404e-001+j5.68434255891e-001
  +6.37016162840e-001+j4.99534472412e-001
  +6.65962363315e-001+j4.27031651432e-001
  +6.86024079952e-001+j3.51892428864e-001
  +6.96662851791e-001+j2.75223607728e-001
  +6.97459499778e-001+j1.98274764213e-001
  +6.88149757436e-001+j1.22435659674e-001
  +6.68665117522e-001+j4.92261281443e-002
  +6.39177963686e-001-j1.97243424205e-002
  +6.00148986057e-001-j8.27104161285e-002
  +5.52373452455e-001-j1.38001153110e-001
  +4.97021178640e-001-j1.83909147092e-001
  +4.35663200192e-001-j2.18879585782e-001
  +3.70276567121e-001-j2.41597775177e-001
  +3.03217936657e-001-j2.51110043332e-001
  +2.37157457466e-001-j2.46948411588e-001
  +1.74967526342e-001-j2.29244690452e-001
  +1.19566736319e-001-j1.98815936182e-001
  +7.37273977079e-002-j1.57202057800e-001
  +3.98640823564e-002-j1.06639255937e-001
  +1.98284427053e-002-j4.99605841805e-002
  +1.47394062110e-002+j9.57350206304e-003
  +2.48756418325e-002+j6.84986037086e-002
  +4.96484835215e-002+j1.23396643007e-001
  +8.76600058754e-002+j1.71139886671e-001
  +1.36836182956e-001+j2.09097065230e-001
  +1.94613018029e-001+j2.35278093021e-001
  +2.58147162243e-001+j2.48406242551e-001
  +3.24522750106e-001+j2.47919548624e-001
  +3.90931796212e-001+j2.33913504124e-001
  +4.54814071698e-001+j2.07042959051e-001
  +5.13951284171e-001+j1.68402386602e-001
  +5.66517671665e-001+j1.19401391177e-001
  +6.11093860652e-001+j6.16480732522e-002
  +6.46653010991e-001-j3.15189614065e-003
  +6.72528420390e-001-j7.32768782018e-002
  +6.88370629380e-001-j1.47051138670e-001
  +6.94100338043e-001-j2.22888652915e-001
  +6.89861618261e-001-j2.99321593428e-001
  +6.75978278538e-001-j3.75016605099e-001
  +6.52914944905e-001-j4.48781858542e-001
  +6.21243482393e-001-j5.19567500565e-001
  +5.81614757003e-001-j5.86461647522e-001
  +5.34735363074e-001-j6.48683589122e-001
  +4.81348747950e-001-j7.05575440344e-001
  +4.22220096073e-001-j7.56593120068e-001
  +3.58124341794e-001-j8.01297250926e-001
  +2.89836730912e-001-j8.39344359427e-001
  +2.18125422296e-001-j8.70478598124e-001
  +1.43745698415e-001-j8.94524100885e-001
  +6.74354286153e-002-j9.11378007321e-001
  -1.00885030255e-002-j9.21004144016e-001
  -8.81330343681e-002-j9.23427320867e-001
  -1.66031205759e-001-j9.18728184899e-001
  -2.43144022829e-001-j9.07038567025e-001
  -3.18862006769e-001-j8.88537256244e-001
  -3.92606510904e-001-j8.63446138477e-001
  -4.63830861607e-001-j8.32026642055e-001
  -5.32021365395e-001-j7.94576437787e-001
  -5.96698211685e-001-j7.51426347777e-001
  -6.57416291190e-001-j7.02937423372e-001
  -7.13765942885e-001-j6.49498158486e-001
  -7.65373637252e-001-j5.91521809912e-001
  -8.11902599745e-001-j5.29443801087e-001
  -8.53053375755e-001-j4.63719190021e-001
  -8.88564336606e-001-j3.94820185833e-001
  -9.18212124970e-001-j3.23233701464e-001
  -9.41812037528e-001-j2.49458932888e-001
  -9.59218342435e-001-j1.74004957301e-001
  -9.70324529279e-001-j9.73883446123e-002
  -9.75063489449e-001-j2.01307779621e-002
  -9.73407625305e-001+j5.72433199474e-002
  -9.65368887051e-001+j1.34209157218e-001
  -9.50998736822e-001+j2.10243941929e-001
  -9.30388040113e-001+j2.84829252151e-001
  -9.03666885271e-001+j3.57453409097e-001
  -8.71004332340e-001+j4.27613856223e-001
  -8.32608093013e-001+j4.94819548025e-001
  -7.88724143774e-001+j5.58593353474e-001
  -7.39636274460e-001+j6.18474480645e-001
  -6.85665574364e-001+j6.74020931093e-001
  -6.27169857531e-001+j7.24811994933e-001
  -5.64543027992e-001+j7.70450800488e-001
  -4.98214384180e-001+j8.10566935707e-001
  -4.28647859478e-001+j8.44819162470e-001
  -3.56341192573e-001+j8.72898249305e-001
  -2.81825016746e-001+j8.94529952974e-001
  -2.05661850977e-001+j9.09478184785e-001
  -1.28444967471e-001+j9.17548403230e-001
  -5.07970992740e-002+j9.18591280399e-001
  +2.66310626300e-002+j9.12506695247e-001
  +1.03162651649e-001+j8.99248111577e-001
  +1.78096779580e-001+j8.78827401644e-001
  +2.50711183819e-001+j8.51320176373e-001
  +3.20265525599e-001+j8.16871678244e-001
  +3.86005541310e-001+j7.75703280487e-001
  +4.47168301615e-001+j7.28119612483e-001
  +5.02988894270e-001+j6.74516291418e-001
  +5.52708914722e-001+j6.15388177881e-001
  +5.95587220506e-001+j5.51337980158e-001
  +6.30913474322e-001+j4.83084899097e-001
  +6.58025054959e-001+j4.11472821943e-001
  +6.76327936486e-001+j3.37477329480e-001
  +6.85322096792e-001+j2.62210468820e-001
  +6.84631878145e-001+j1.86921864449e-001
  +6.74041434609e-001+j1.12994307110e-001
  +6.53534904178e-001+j4.19315120994e-002
  +6.23340175698e-001-j2.46646502537e-002
  +5.83974034984e-001-j8.51303563425e-002
  +5.36285066807e-001-j1.37792216186e-001
  +4.81489039394e-001-j1.81037862164e-001
  +4.21189818274e-001-j2.13405194193e-001
  +3.57377534290e-001-j2.33688163376e-001
  +2.92395333757e-001-j2.41053381834e-001
  +2.28867243588e-001-j2.35157537414e-001
  +1.69583092042e-001-j2.16251316333e-001
  +1.17342265623e-001-j1.85252493501e-001
  +7.47658747747e-002-j1.43770487686e-001
  +4.40952441592e-002-j9.40682324172e-002
  +2.70013360270e-002-j3.89550768899e-002
  +2.44323382042e-002+j1.83843771643e-002
  +3.65235035347e-002+j7.46085088001e-002
  +6.25843426591e-002+j1.26457276637e-001
  +1.01165349329e-001+j1.70980088903e-001
  +1.50192933081e-001+j2.05724185277e-001
  +2.07150725048e-001+j2.28863077038e-001
  +2.69280362751e-001+j2.39256293251e-001
  +3.33775794110e-001+j2.36443467240e-001
  +3.97950799498e-001+j2.20584877461e-001
  +4.59367511830e-001+j1.92365474116e-001
  +5.15921866731e-001+j1.52880183486e-001
  +5.65888453901e-001+j1.03515926827e-001
  +6.07931410785e-001+j4.58417608024e-002
  +6.41089841530e-001-j1.84858488023e-002
  +6.64746278215e-001-j8.77994736729e-002
  +6.78585604568e-001-j1.60478644210e-001
  +6.82550248191e-001-j2.34990863107e-001
  +6.76795760825e-001-j3.09918299261e-001
  +6.61649411197e-001-j3.83973060125e-001
  +6.37573227397e-001-j4.56003825763e-001
  +6.05132062835e-001-j5.24996282002e-001
  +5.64966684557e-001-j5.90069352088e-001
  +5.17771535910e-001-j6.50468784113e-001
  +4.64276645827e-001-j7.05559253492e-001
  +4.05233090893e-001-j7.54815806626e-001
  +3.41401421539e-001-j7.97815207422e-001
  +2.73542509605e-001-j8.34227547137e-001
  +2.02410339937e-001-j8.63808330490e-001
  +1.28746340256e-001-j8.86391146641e-001
  +5.32749131470e-002-j9.01880962584e-001
  -2.33001025859e-002-j9.10248030287e-001
  -1.00298258701e-001-j9.11522370624e-001
  -1.77064783213e-001-j9.05788781571e-001
  -2.52972457175e-001-j8.93182311070e-001
  -3.27423183382e-001-j8.73884133654e-001
  -3.99849322795e-001-j8.48117772154e-001
  -4.69714854708e-001-j8.16145610064e-001
  -5.36516401255e-001-j7.78265645572e-001
  -5.99784144959e-001-j7.34808444004e-001
  -6.59082658968e-001-j6.86134251238e-001
  -7.14011662804e-001-j6.32630236079e-001
  -7.64206711396e-001-j5.74707834704e-001
  -8.09339821522e-001-j5.12800174787e-001
  -8.49120037217e-001-j4.47359560979e-001
  -8.83293933941e-001-j3.78855006909e-001
  -9.11646060209e-001-j3.07769801886e-001
  -9.33999314820e-001-j2.34599103027e-001
  -9.50215257520e-001-j1.59847545647e-001
  -9.60194351051e-001-j8.40268664328e-002
  -9.63876132759e-001-j7.65353527936e-003
  -9.61239314333e-001+j6.87536073702e-002
  -9.52301808771e-001+j1.44675710182e-001
  -9.37120684194e-001+j2.19596269750e-001
  -9.15792044719e-001+j2.93003490723e-001
  -8.88450839158e-001+j3.64392649665e-001
  -8.55270598788e-001+j4.33268465666e-001
  -8.16463105864e-001+j4.99147481675e-001
  -7.72277994777e-001+j5.61560461730e-001
  -7.23002287842e-001+j6.20054810960e-001
  -6.68959867438e-001+j6.74197027181e-001
  -6.10510885690e-001+j7.23575195385e-001
  -5.48051111766e-001+j7.67801539275e-001
  -4.82011215216e-001+j8.06515047362e-001
  -4.12855981249e-001+j8.39384194970e-001
  -3.41083450350e-001+j8.66109787837e-001
  -2.67223969720e-001+j8.86427957806e-001
  -1.91839137515e-001+j9.00113346256e-001
  -1.15520612114e-001+j9.06982516402e-001
  -3.88887472579e-002+j9.06897640968e-001
  +3.74090008338e-002+j8.99770516758e-001
  +1.12699967135e-001+j8.85566961558e-001
  +1.86288568864e-001+j8.64311650725e-001
  +2.57459120242e-001+j8.36093449260e-001
  +3.25479333846e-001+j8.01071288254e-001
  +3.89604715548e-001+j7.59480619427e-001
  +4.49084112097e-001+j7.11640454432e-001
  +5.03166729938e-001+j6.57960951567e-001
  +5.51111009074e-001+j5.98951445217e-001
  +5.92195802630e-001+j5.35228714887e-001
  +6.25734373706e-001+j4.67525151959e-001
  +6.51091763610e-001+j3.96696293594e-001
  +6.67706090144e-001+j3.23726945817e-001
  +6.75114272963e-001+j2.49734806770e-001
  +6.72982516343e-001+j1.75970129881e-001
  +6.61141558740e-001+j1.03809554261e-001
  +6.39626167092e-001+j3.47418198183e-002
  +6.08717557078e-001-j2.96572425889e-002
  +5.68986323686e-001-j8.77631740385e-002
  +5.21332082550e-001-j1.37957264693e-001
  +4.67014453311e-001-j1.78698439177e-001
  +4.07668495749e-001-j2.08612560746e-001
  +3.45296636743e-001-j2.26596424736e-001
  +2.82229056106e-001-j2.31930164079e-001
  +2.21046055667e-001-j2.24387704745e-001
  +1.64459618870e-001-j2.04331073581e-001
  +1.15157268096e-001-j1.72771950937e-001
  +7.56188303141e-002-j1.31384206308e-001
  +4.79243673493e-002-j8.24552794369e-002
  +3.35771980581e-002-j2.87723107745e-002
  +3.33674703165e-002+j2.65502859573e-002
  +4.72977946969e-002+j8.02840171446e-002
  +7.45832820287e-002+j1.29314105537e-001
  +1.13725963376e-001+j1.70852616240e-001
</dep>
<dep S[2,1] frequency>
  +8.95090100591e-003+j6.27153995643e-002
  +3.29092101318e-002+j1.21581632746e-001
  +7.09136907220e-002+j1.73312276747e-001
  +1.20888069494e-001+j2.15087232005e-001
  +1.80192857863e-001+j2.44745670798e-001
  +2.45865439241e-001+j2.60875541551e-001
  +3.14846566246e-001+j2.62822671808e-001
  +3.84177369287e-001+j2.50634151233e-001
  +4.51152490278e-001+j2.24955855755e-001
  +5.13423590428e-001+j1.86905302038e-001
  +5.69055363105e-001+j1.37938553909e-001
  +6.16541458502e-001+j7.97252126247e-002
  +6.54790182427e-001+j1.40402380233e-002
  +6.83090024930e-001-j5.73233689753e-002
  +7.01063829157e-001-j1.32620554905e-001
  +7.08618495568e-001-j2.10200698590e-001
  +7.05895095493e-001-j2.88537610137e-001
  +6.93222475362e-001-j3.66246441961e-001
  +6.71076014984e-001-j4.42090770277e-001
  +6.40042181061e-001-j5.14982687290e-001
  +6.00788843334e-001-j5.83978218426e-001
  +5.54040921510e-001-j6.48269852404e-001
  +5.00560730243e-001-j7.07177502009e-001
  +4.41132321579e-001-j7.60138823742e-001
  +3.76549138489e-001-j8.06699518276e-001
  +3.07604352679e-001-j8.46504003090e-001
  +2.35083340384e-001-j8.79286681656e-001
  +1.59757835562e-001-j9.04863916939e-001
  +8.23813819907e-002-j9.23126738862e-001
  +3.68577956190e-003-j9.34034265538e-001
  -7.56217163333e-002-j9.37607788455e-001
  -1.54860630158e-001-j9.33925456243e-001
  -2.33379080527e-001-j9.23117485422e-001
  -3.10555282548e-001-j9.05361826431e-001
  -3.85798819487e-001-j8.80880216795e-001
  -4.58551743214e-001-j8.49934558961e-001
  -5.28289546032e-001-j8.12823566972e-001
  -5.94522033577e-001-j7.69879633067e-001
  -6.56794118699e-001-j7.21465872084e-001
  -7.14686548979e-001-j6.67973307859e-001
  -7.67816575177e-001-j6.09818171634e-001
  -8.15838564071e-001-j5.47439287624e-001
  -8.58444556493e-001-j4.81295525453e-001
  -8.95364769590e-001-j4.11863303095e-001
  -9.26368041226e-001-j3.39634127332e-001
  -9.51262213910e-001-j2.65112161551e-001
  -9.69894455425e-001-j1.88811813092e-001
  -9.82151513448e-001-j1.11255334236e-001
  -9.87959901812e-001-j3.29704324380e-002
  -9.87286016489e-001+j4.55121134463e-002
  -9.80136180014e-001+j1.23660833438e-001
  -9.66556613676e-001+j2.00945945250e-001
  -9.46633337490e-001+j2.76841733559e-001
  -9.20491998635e-001+j3.50828931842e-001
  -8.88297629643e-001+j4.22397109419e-001
  -8.50254338193e-001+j4.91047067172e-001
  -8.06604930748e-001+j5.56293246639e-001
  -7.57630472538e-001+j6.17666158732e-001
  -7.03649786377e-001+j6.74714840317e-001
  -6.45018892478e-001+j7.27009349302e-001
  -5.82130390668e-001+j7.74143311761e-001
  -5.15412785095e-001+j8.15736538020e-001
  -4.45329749445e-001+j8.51437728564e-001
  -3.72379327668e-001+j8.80927295140e-001
  -2.97093060965e-001+j9.03920327488e-001
  -2.20035025931e-001+j9.20169741763e-001
  -1.41800760840e-001+j9.29469652757e-001
  -6.30160466098e-002+j9.31659018327e-001
  +1.56645047556e-002+j9.26625610699e-001
  +9.35591192639e-002+j9.14310374973e-001
  +1.69960875339e-001+j8.94712239403e-001
  +2.44140180165e-001+j8.67893443655e-001
  +3.15347860602e-001+j8.33985448478e-001
  +3.82819065536e-001+j7.93195480468e-001
  +4.45778229913e-001+j7.45813745350e-001
  +5.03445413330e-001+j6.92221307618e-001
  +5.55044397321e-001+j6.32898577097e-001
  +5.99813002404e-001+j5.68434255891e-001
  +6.37016162840e-001+j4.99534472412e-001
  +6.65962363315e-001+j4.27031651432e-001
  +6.86024079952e-001+j3.51892428864e-001
  +6.96662851791e-001+j2.75223607728e-001
  +6.97459499778e-001+j1.98274764213e-001
  +6.88149757436e-001+j1.22435659674e-001
  +6.68665117522e-001+j4.92261281443e-002
  +6.39177963686e-001-j1.97243424205e-002
  +6.00148986057e-001-j8.27104161285e-002
  +5.52373452455e-001-j1.38001153110e-001
  +4.97021178640e-001-j1.83909147092e-001
  +4.35663200192e-001-j2.18879585782e-001
  +3.70276567121e-001-j2.41597775177e-001
  +3.03217936657e-001-j2.51110043332e-001
  +2.37157457466e-001-j2.46948411588e-001
  +1.74967526342e-001-j2.29244690452e-001
  +1.19566736319e-001-j1.98815936182e-001
  +7.37273977079e-002-j1.57202057800e-001
  +3.98640823564e-002-j1.06639255937e-001
  +1.98284427053e-002-j4.99605841805e-002
  +1.47394062110e-002+j9.57350206304e-003
  +2.48756418325e-002+j6.84986037086e-002
  +4.96484835215e-002+j1.23396643007e-001
  +8.76600058754e-002+j1.71139886671e-001
  +1.36836182956e-001+j2.09097065230e-001
  +1.94613018029e-001+j2.35278093021e-001
  +2.58147162243e-001+j2.48406242551e-001
  +3.24522750106e-001+j2.47919548624e-001
  +3.90931796212e-001+j2.33913504124e-001
  +4.54814071698e-001+j2.07042959051e-001
  +5.13951284171e-001+j1.68402386602e-001
  +5.66517671665e-001+j1.19401391177e-001
  +6.11093860652e-001+j6.16480732522e-002
  +6.46653010991e-001-j3.15189614065e-003
  +6.72528420390e-001-j7.32768782018e-002
  +6.88370629380e-001-j1.47051138670e-001
  +6.94100338043e-001-j2.22888652915e-001
  +6.89861618261e-001-j2.99321593428e-001
  +6.75978278538e-001-j3.75016605099e-001
  +6.52914944905e-001-j4.48781858542e-001
  +6.21243482393e-001-j5.19567500565e-001
  +5.81614757003e-001-j5.86461647522e-001
  +5.34735363074e-001-j6.48683589122e-001
  +4.81348747950e-001-j7.05575440344e-001
  +4.22220096073e-001-j7.56593120068e-001
  +3.58124341794e-001-j8.01297250926e-001
  +2.89836730912e-001-j8.39344359427e-001
  +2.18125422296e-001-j8.70478598124e-001
  +1.43745698415e-001-j8.94524100885e-001
  +6.74354286153e-002-j9.11378007321e-001
  -1.00885030255e-002-j9.21004144016e-001
  -8.81330343681e-002-j9.23427320867e-001
  -1.66031205759e-001-j9.18728184899e-001
  -2.43144022829e-001-j9.07038567025e-001
  -3.18862006769e-001-j8.88537256244e-001
  -3.92606510904e-001-j8.63446138477e-001
  -4.63830861607e-001-j8.32026642055e-001
  -5.32021365395e-001-j7.94576437787e-001
  -5.96698211685e-001-j7.51426347777e-001
  -6.57416291190e-001-j7.02937423372e-001
  -7.13765942885e-001-j6.49498158486e-001
  -7.65373637252e-001-j5.91521809912e-001
  -8.11902599745e-001-j5.29443801087e-001
  -8.53053375755e-001-j4.63719190021e-001
  -8.88564336606e-001-j3.94820185833e-001
  -9.18212124970e-001-j3.23233701464e-001
  -9.41812037528e-001-j2.49458932888e-001
  -9.59218342435e-001-j1.74004957301e-001
  -9.70324529279e-001-j9.73883446123e-002
  -9.75063489449e-001-j2.01307779621e-002
  -9.73407625305e-001+j5.72433199474e-002
  -9.65368887051e-001+j1.34209157218e-001
  -9.50998736822e-001+j2.10243941929e-001
  -9.30388040113e-001+j2.84829252151e-001
  -9.03666885271e-001+j3.57453409097e-001
  -8.71004332340e-001+j4.27613856223e-001
  -8.32608093013e-001+j4.94819548025e-001
  -7.88724143774e-001+j5.58593353474e-001
  -7.39636274460e-001+j6.18474480645e-001
  -6.85665574364e-001+j6.74020931093e-001
  -6.27169857531e-001+j7.24811994933e-001
  -5.64543027992e-001+j7.70450800488e-001
  -4.98214384180e-001+j8.10566935707e-001
  -4.28647859478e-001+j8.44819162470e-001
  -3.56341192573e-001+j8.72898249305e-001
  -2.81825016746e-001+j8.94529952974e-001
  -2.05661850977e-001+j9.09478184785e-001
  -1.28444967471e-001+j9.17548403230e-001
  -5.07970992740e-002+j9.18591280399e-001
  +2.66310626300e-002+j9.12506695247e-001
  +1.03162651649e-001+j8.99248111577e-001
  +1.78096779580e-001+j8.78827401644e-001
  +2.50711183819e-001+j8.51320176373e-001
  +3.20265525599e-001+j8.16871678244e-001
  +3.86005541310e-001+j7.75703280487e-001
  +4.47168301615e-001+j7.28119612483e-001
  +5.02988894270e-001+j6.74516291418e-001
  +5.52708914722e-001+j6.15388177881e-001
  +5.95587220506e-001+j5.51337980158e-001
  +6.30913474322e-001+j4.83084899097e-001
  +6.58025054959e-001+j4.11472821943e-001
  +6.76327936486e-001+j3.37477329480e-001
  +6.85322096792e-001+j2.62210468820e-001
  +6.84631878145e-001+j1.86921864449e-001
  +6.74041434609e-001+j1.12994307110e-001
  +6.53534904178e-001+j4.19315120994e-002
  +6.23340175698e-001-j2.46646502537e-002
  +5.83974034984e-001-j8.51303563425e-002
  +5.36285066807e-001-j1.37792216186e-001
  +4.81489039394e-001-j1.81037862164e-001
  +4.21189818274e-001-j2.13405194193e-001
  +3.57377534290e-001-j2.33688163376e-001
  +2.92395333757e-001-j2.41053381834e-001
  +2.28867243588e-001-j2.35157537414e-001
  +1.69583092042e-001-j2.16251316333e-001
  +1.17342265623e-001-j1.85252493501e-001
  +7.47658747747e-002-j1.43770487686e-001
  +4.40952441592e-002-j9.40682324172e-002
  +2.70013360270e-002-j3.89550768899e-002
  +2.44323382042e-002+j1.83843771643e-002
  +3.65235035347e-002+j7.46085088001e-002
  +6.25843426591e-002+j1.26457276637e-001
  +1.01165349329e-001+j1.70980088903e-001
  +1.50192933081e-001+j2.05724185277e-001
  +2.07150725048e-001+j2.28863077038e-001
  +2.69280362751e-001+j2.39256293251e-001
  +3.33775794110e-001+j2.36443467240e-001
  +3.97950799498e-001+j2.20584877461e-001
  +4.59367511830e-001+j1.92365474116e-001
  +5.15921866731e-001+j1.52880183486e-001
  +5.65888453901e-001+j1.03515926827e-001
  +6.07931410785e-001+j4.58417608024e-002
  +6.41089841530e-001-j1.84858488023e-002
  +6.64746278215e-001-j8.77994736729e-002
  +6.78585604568e-001-j1.60478644210e-001
  +6.82550248191e-001-j2.34990863107e-001
  +6.76795760825e-001-j3.09918299261e-001
  +6.61649411197e-001-j3.83973060125e-001
  +6.37573227397e-001-j4.56003825763e-001
  +6.05132062835e-001-j5.24996282002e-001
  +5.64966684557e-001-j5.90069352088e-001
  +5.17771535910e-001-j6.50468784113e-001
  +4.64276645827e-001-j7.05559253492e-001
  +4.05233090893e-001-j7.54815806626e-001
  +3.41401421539e-001-j7.97815207422e-001
  +2.73542509605e-001-j8.34227547137e-001
  +2.02410339937e-001-j8.63808330490e-001
  +1.28746340256e-001-j8.86391146641e-001
  +5.32749131470e-002-j9.01880962584e-001
  -2.33001025859e-002-j9.10248030287e-001
  -1.00298258701e-001-j9.11522370624e-001
  -1.77064783213e-001-j9.05788781571e-001
  -2.52972457175e-001-j8.93182311070e-001
  -3.27423183382e-001-j8.73884133654e-001
  -3.99849322795e-001-j8.48117772154e-001
  -4.69714854708e-001-j8.16145610064e-001
  -5.36516401255e-001-j7.78265645572e-001
  -5.99784144959e-001-j7.34808444004e-001
  -6.59082658968e-001-j6.86134251238e-001
  -7.14011662804e-001-j6.32630236079e-001
  -7.64206711396e-001-j5.74707834704e-001
  -8.09339821522e-001-j5.12800174787e-001
  -8.49120037217e-001-j4.47359560979e-001
  -8.83293933941e-001-j3.78855006909e-001
  -9.11646060209e-001-j3.07769801886e-001
  -9.33999314820e-001-j2.34599103027e-001
  -9.50215257520e-001-j1.59847545647e-001
  -9.60194351051e-001-j8.40268664328e-002
  -9.63876132759e-001-j7.65353527936e-003
  -9.61239314333e-001+j6.87536073702e-002
  -9.52301808771e-001+j1.44675710182e-001
  -9.37120684194e-001+j2.19596269750e-001
  -9.15792044719e-001+j2.93003490723e-001
  -8.88450839158e-001+j3.64392649665e-001
  -8.55270598788e-001+j4.33268465666e-001
  -8.16463105864e-001+j4.99147481675e-001
  -7.72277994777e-001+j5.61560461730e-001
  -7.23002287842e-001+j6.20054810960e-001
  -6.68959867438e-001+j6.74197027181e-001
  -6.10510885690e-001+j7.23575195385e-001
  -5.48051111766e-001+j7.67801539275e-001
  -4.82011215216e-001+j8.06515047362e-001
  -4.12855981249e-001+j8.39384194970e-001
  -3.41083450350e-001+j8.66109787837e-001
  -2.67223969720e-001+j8.86427957806e-001
  -1.91839137515e-001+j9.00113346256e-001
  -1.15520612114e-001+j9.06982516402e-001
  -3.88887472579e-002+j9.06897640968e-001
  +3.74090008338e-002+j8.99770516758e-001
  +1.12699967135e-001+j8.85566961558e-001
  +1.86288568864e-001+j8.64311650725e-001
  +2.57459120242e-001+j8.36093449260e-001
  +3.25479333846e-001+j8.01071288254e-001
  +3.89604715548e-001+j7.59480619427e-001
  +4.49084112097e-001+j7.11640454432e-001
  +5.03166729938e-001+j6.57960951567e-001
  +5.51111009074e-001+j5.98951445217e-001
  +5.92195802630e-001+j5.35228714887e-001
  +6.25734373706e-001+j4.67525151959e-001
  +6.51091763610e-001+j3.96696293594e-001
  +6.67706090144e-001+j3.23726945817e-001
  +6.75114272963e-001+j2.49734806770e-001
  +6.72982516343e-001+j1.75970129881e-001
  +6.61141558740e-001+j1.03809554261e-001
  +6.39626167092e-001+j3.47418198183e-002
  +6.08717557078e-001-j2.96572425889e-002
  +5.68986323686e-001-j8.77631740385e-002
  +5.21332082550e-001-j1.37957264693e-001
  +4.67014453311e-001-j1.78698439177e-001
  +4.07668495749e-001-j2.08612560746e-001
  +3.45296636743e-001-j2.26596424736e-001
  +2.82229056106e-001-j2.31930164079e-001
  +2.21046055667e-001-j2.24387704745e-001
  +1.64459618870e-001-j2.04331073581e-001
  +1.15157268096e-001-j1.72771950937e-001
  +7.56188303141e-002-j1.31384206308e-001
  +4.79243673493e-002-j8.24552794369e-002
  +3.35771980581e-002-j2.87723107745e-002
  +3.33674703165e-002+j2.65502859573e-002
  +4.72977946969e-002+j8.02840171446e-002
  +7.45832820287e-002+j1.29314105537e-001
  +1.13725963376e-001+j1.70852616240e-001
</dep>
<dep S[2,2] frequency>
  -9.88094505289e-001+j1.26182532791e-001
  -9.57668988151e-001+j2.48205634053e-001
  -9.09285184921e-001+j3.62544035251e-001
  -8.45022170140e-001+j4.66130772758e-001
  -7.67562718453e-001+j5.56559027682e-001
  -6.79935885666e-001+j6.32173957081e-001
  -5.85285882522e-001+j6.92083254998e-001
  -4.86673132123e-001+j7.36101717250e-001
  -3.86920017865e-001+j7.64649820599e-001
  -2.88506543885e-001+j7.78627555482e-001
  -1.93513590510e-001+j7.79282252974e-001
  -1.03606282179e-001+j7.68084445110e-001
  -2.00475718998e-002+j7.46620507884e-001
  +5.62680289669e-002+j7.16506117319e-001
  +1.24769392932e-001+j6.79320985033e-001
  +1.85159288253e-001+j6.36563046326e-001
  +2.37365334554e-001+j5.89619081014e-001
  +2.81494482187e-001+j5.39748367140e-001
  +3.17792676534e-001+j4.88076107223e-001
  +3.46610345619e-001+j4.35593785047e-001
  +3.68373675280e-001+j3.83164136992e-001
  +3.83561236555e-001+j3.31528948702e-001
  +3.92685328897e-001+j2.81318358028e-001
  +3.96277334808e-001+j2.33060735074e-001
  +3.94876395549e-001+j1.87192516690e-001
  +3.89020777143e-001+j1.44067603558e-001
  +3.79241376273e-001+j1.03966095250e-001
  +3.66056901402e-001+j6.71022555332e-002
  +3.49970346543e-001+j3.36316785357e-002
  +3.31466448860e-001+j3.65767654006e-003
  +3.11009884948e-001-j2.27630600208e-002
  +2.89044013985e-001-j4.56154639059e-002
  +2.65990019599e-001-j6.49216808657e-002
  +2.42246337519e-001-j8.07371746354e-002
  +2.18188284002e-001-j9.31472771983e-002
  +1.94167821953e-001-j1.02264119820e-001
  +1.70513418651e-001-j1.08223886769e-001
  +1.47529962071e-001-j1.11184340366e-001
  +1.25498712704e-001-j1.11322572542e-001
  +1.04677275235e-001-j1.08832944256e-001
  +8.52995799803e-002-j1.03925179718e-001
  +6.75758679981e-002-j9.68225873470e-002
  +5.16926766739e-002-j8.77603838036e-002
  +3.78128245839e-002-j7.69841011959e-002
  +2.60753957434e-002-j6.47480608121e-002
  +1.65957241613e-002-j5.13138994430e-002
  +9.46538004258e-003-j3.69491366124e-002
  +4.75215911590e-003-j2.19257728575e-002
  +2.50007648609e-003-j6.51891063756e-003
  +2.72936619134e-003+j8.99460947778e-003
  +5.43648731787e-003+j2.43375639413e-002
  +1.05941371410e-002+j3.92336988628e-002
  +1.81512713527e-002+j5.34090862034e-002
  +2.80331310330e-002+j6.65934897705e-002
  +4.01412756660e-002+j7.85217477456e-002
  +5.43536212159e-002+j8.89351792793e-002
  +7.05244821229e-002+j9.75830238283e-002
  +8.84846160851e-002+j1.04223923403e-001
  +1.08041270745e-001+j1.08627459778e-001
  +1.28978231964e-001+j1.10575761009e-001
  +1.51055874349e-001+j1.09865194383e-001
  +1.74011216262e-001+j1.06308166140e-001
  +1.97557983790e-001+j9.97350521491e-002
  +2.21386691391e-001+j8.99962879999e-002
  +2.45164751392e-001+j7.69646519089e-002
  +2.68536630524e-001+j6.05377792453e-002
  +2.91124079763e-001+j4.06409533278e-002
  +3.12526474353e-001+j1.72302232500e-002
  +3.32321314789e-001-j9.70409448985e-003
  +3.50064957419e-001-j4.01334683448e-002
  +3.65293666271e-001-j7.39866918387e-002
  +3.77525106588e-001-j1.11144843836e-001
  +3.86260436703e-001-j1.51435604386e-001
  +3.90987199140e-001-j1.94626871552e-001
  +3.91183265271e-001-j2.40419645175e-001
  +3.86322150534e-001-j2.88440179326e-001
  +3.75880088463e-001-j3.38231462800e-001
  +3.59345328746e-001-j3.89244174298e-001
  +3.36230201357e-001-j4.40827386043e-001
  +3.06086555064e-001-j4.92219467529e-001
  +2.68525216750e-001-j5.42539881630e-001
  +2.23240101619e-001-j5.90782877806e-001
  +1.70037495253e-001-j6.35814474899e-001
  +1.08870775414e-001-j6.76374579372e-001
  +3.98803816122e-002-j7.11086571310e-001
  -3.65618950531e-002-j7.38477142097e-001
  -1.19806299424e-001-j7.57009467100e-001
  -2.08879602285e-001-j7.65132766663e-001
  -3.02445846335e-001-j7.61350713821e-001
  -3.98780342660e-001-j7.44309720873e-001
  -4.95765493927e-001-j7.12905649100e-001
  -5.90917766350e-001-j6.66403860398e-001
  -6.81454314918e-001-j6.04563002344e-001
  -7.64404678795e-001-j5.27748187405e-001
  -8.36767226124e-001-j4.37015506110e-001
  -8.95701965156e-001-j3.34148667673e-001
  -9.38742270088e-001-j2.21631453414e-001
  -9.64000268939e-001-j1.02547277612e-001
  -9.70336792091e-001+j1.95912751539e-002
  -9.57468984215e-001+j1.41066926593e-001
  -9.25997394350e-001+j2.58208990997e-001
  -8.77347848936e-001+j3.67638418339e-001
  -8.13638176996e-001+j4.66474928174e-001
  -7.37491900232e-001+j5.52482734678e-001
  -6.51827370715e-001+j6.24143712460e-001
  -5.59650629334e-001+j6.80659774584e-001
  -4.63874641798e-001+j7.21896520742e-001
  -3.67178995190e-001+j7.48286063319e-001
  -2.71915233087e-001+j7.60708191446e-001
  -1.80055720648e-001+j7.60366744248e-001
  -9.31791918433e-002+j7.48673804791e-001
  -1.24839583480e-002+j7.27149564090e-001
  +6.11803898388e-002+j6.97341465145e-001
  +1.27270830258e-001+j6.60763031739e-001
  +1.85504608554e-001+j6.18850715909e-001
  +2.35813274342e-001+j5.72936011850e-001
  +2.78299906104e-001+j5.24229728463e-001
  +3.13201085123e-001+j4.73815428048e-001
  +3.40854239352e-001+j4.22649410117e-001
  +3.61670353399e-001+j3.71565092804e-001
  +3.76111665692e-001+j3.21280122827e-001
  +3.84673780836e-001+j2.72404975082e-001
  +3.87871555248e-001+j2.25452162260e-001
  +3.86228121360e-001+j1.80845459240e-001
  +3.80266466292e-001+j1.38928762714e-001
  +3.70503052237e-001+j9.99743640379e-002
  +3.57443043288e-001+j6.41905242987e-002
  +3.41576778430e-001+j3.17283158194e-002
  +3.23377198451e-001+j2.68774302770e-003
  +3.03297993642e-001-j2.28768148184e-002
  +2.81772288966e-001-j4.49517803425e-002
  +2.59211724420e-001-j6.35601083522e-002
  +2.36005821554e-001-j7.87575026659e-002
  +2.12521553652e-001-j9.06290548617e-002
  +1.89103057938e-001-j9.92862449397e-002
  +1.66071444527e-001-j1.04864249562e-001
  +1.43724669378e-001-j1.07519509582e-001
  +1.22337448116e-001-j1.07427514575e-001
  +1.02161194870e-001-j1.04780767741e-001
  +8.34239756332e-002-j9.97868997687e-002
  +6.63304696789e-002-j9.26669048928e-002
  +5.10619353591e-002-j8.36534765041e-002
  +3.77761786605e-002-j7.29894232246e-002
  +2.66075241937e-002-j6.09261494113e-002
  +1.76667891491e-002-j4.77221866218e-002
  +1.10412612000e-002-j3.36417646982e-002
  +6.79468151629e-003-j1.89534128518e-002
  +4.96723401741e-003-j3.92858247617e-003
  +5.57554181721e-003+j1.11597155793e-002
  +8.61267153475e-003+j2.60382658601e-002
  +1.40481458108e-002+j4.04350014975e-002
  +2.18279640123e-002+j5.40803618810e-002
  +3.18746307633e-002+j6.67086611776e-002
  +4.40871916415e-002+j7.80594745907e-002
  +5.83412751717e-002+j8.78790500884e-002
  +7.44891401623e-002+j9.59217544975e-002
  +9.23597275392e-002+j1.01951564379e-001
  +1.11758716184e-001+j1.05743614001e-001
  +1.32468582980e-001+j1.07085815025e-001
  +1.54248668411e-001+j1.05780565293e-001
  +1.76835250781e-001+j1.01646567308e-001
  +1.99941634617e-001+j9.45207807687e-002
  +2.23258262304e-001+j8.42605377339e-002
  +2.46452862729e-001+j7.07458537778e-002
  +2.69170657141e-001+j5.38819736872e-002
  +2.91034650866e-001+j3.36021957946e-002
  +3.11646050620e-001+j9.87102468831e-003
  +3.30584861559e-001-j1.73122925633e-002
  +3.47410736640e-001-j4.79097869812e-002
  +3.61664174308e-001-j8.18402825142e-002
  +3.72868189921e-001-j1.18974342827e-001
  +3.80530622668e-001-j1.59128592849e-001
  +3.84147284038e-001-j2.02059370604e-001
  +3.83206206623e-001-j2.47455688827e-001
  +3.77193313215e-001-j2.94931525966e-001
  +3.65599894392e-001-j3.44017528808e-001
  +3.47932354692e-001-j3.94152302168e-001
  +3.23724756326e-001-j4.44673594180e-001
  +2.92554743643e-001-j4.94809869513e-001
  +2.54063452727e-001-j5.43673007109e-001
  +2.07979971148e-001-j5.90253171322e-001
  +1.54150774340e-001-j6.33417285284e-001
  +9.25742771874e-002-j6.71912968607e-001
  +2.34401422905e-002-j7.04380249787e-001
  -5.28277815383e-002-j7.29373752654e-001
  -1.35527102808e-001-j7.45398263682e-001
  -2.23634733034e-001-j7.50960435628e-001
  -3.15772204949e-001-j7.44638646955e-001
  -4.10185413550e-001-j7.25171474597e-001
  -5.04747052537e-001-j6.91562665248e-001
  -5.96990415736e-001-j6.43196896128e-001
  -6.84182028455e-001-j5.79956307415e-001
  -7.63437166129e-001-j5.02323512914e-001
  -8.31876477968e-001-j4.11453752443e-001
  -8.86814141416e-001-j3.09198486849e-001
  -9.25959630377e-001-j1.98066290478e-001
  -9.47608487649e-001-j8.11147592754e-002
  -9.50794869271e-001+j3.82216554799e-002
  -9.35381773411e-001+j1.56350889922e-001
  -9.02073851665e-001+j2.69762878009e-001
  -8.52350623554e-001+j3.75258431319e-001
  -7.88331419642e-001+j4.70138624690e-001
  -7.12593888034e-001+j5.52334230157e-001
  -6.27972959157e-001+j6.20466442901e-001
  -5.37366229619e-001+j6.73841929511e-001
  -4.43566067605e-001+j7.12394308784e-001
  -3.49130661304e-001+j7.36589092622e-001
  -2.56298080118e-001+j7.47309875301e-001
  -1.66940879475e-001+j7.45741204402e-001
  -8.25546103913e-002+j7.33259536930e-001
  -4.27175317416e-003+j7.11339289096e-001
  +6.71074390526e-002+j6.81477123020e-001
  +1.31074604433e-001+j6.45134713077e-001
  +1.87369247069e-001+j6.03698371440e-001
  +2.35935138701e-001+j5.58452942222e-001
  +2.76879768573e-001+j5.10567063770e-001
  +3.10438274985e-001+j4.61087013692e-001
  +3.36942428970e-001+j4.10936697285e-001
  +3.56794665171e-001+j3.60921778296e-001
  +3.70446808084e-001+j3.11736393259e-001
  +3.78382962065e-001+j2.63971288948e-001
  +3.81105967266e-001+j2.18122555857e-001
  +3.79126828867e-001+j1.74600395298e-001
  +3.72956572758e-001+j1.33737559250e-001
  +3.63100046292e-001+j9.57972497890e-002
  +3.50051254246e-001+j6.09803695877e-002
  +3.34289889798e-001+j2.94320862682e-002
  +3.16278783716e-001+j1.24771985921e-003
  +2.96462050280e-001-j2.35220088583e-002
  +2.75263755231e-001-j4.48663154677e-002
  +2.53086969722e-001-j6.28102135867e-002
  +2.30313105688e-001-j7.74108385940e-002
  +2.07301453183e-001-j8.87541729025e-002
  +1.84388860157e-001-j9.69521163365e-002
  +1.61889510657e-001-j1.02139850333e-001
  +1.40094769554e-001-j1.04473450259e-001
  +1.19273071046e-001-j1.04127705706e-001
  +9.96698352499e-002-j1.01294113922e-001
  +8.15074023692e-002-j9.61790164091e-002
  +6.49849778345e-002-j8.90018531264e-002
  +5.02785845499e-002-j7.99935125857e-002
  +3.75410203722e-002-j6.93947595263e-002
  +2.69018202530e-002-j5.74547247202e-002
  +1.84672233233e-002-j4.44294439005e-002
  +1.23201456622e-002-j3.05804348150e-002
  +8.52015969455e-003-j1.61733030335e-002
  +7.10348115471e-003-j1.47636840324e-003
  +8.08296440467e-003+j1.32406950184e-002
  +1.14481066558e-002+j2.77082121056e-002
  +1.71650613439e-002+j4.16578591114e-002
  +2.51766605965e-002+j5.48240216285e-002
  +3.54024464318e-002+j6.69451645354e-002
  +4.77387100912e-002+j7.77652209656e-002
  +6.20585387574e-002+j8.70350082107e-002
  +7.82118689035e-002+j9.45136796618e-002
  +9.60255457113e-002+j9.99702234422e-002
  +1.15303388458e-001+j1.03185020298e-001
  +1.35826262585e-001+j1.03951475634e-001
  +1.57352160460e-001+j1.02077743331e-001
  +1.79616294731e-001+j9.73885621933e-002
  +2.02331210903e-001+j8.97272295601e-002
  +2.25186929460e-001+j7.89577407832e-002
  +2.47851132943e-001+j6.49671278887e-002
  +2.69969420119e-001+j4.76680357418e-002
  +2.91165658230e-001+j2.70015792614e-002
  +3.11042475876e-001+j2.94053043974e-003
  +3.29181953968e-001-j2.45071113044e-002
  +3.45146591149e-001-j5.52941082135e-002
  +3.58480644031e-001-j8.93294738293e-002
  +3.68711972427e-001-j1.26473406059e-001
  +3.75354556371e-001-j1.66531613738e-001
  +3.77911895910e-001-j2.09249002141e-001
  +3.75881556732e-001-j2.54302710230e-001
  +3.68761184284e-001-j3.01294536697e-001
  +3.56056374236e-001-j3.49742859421e-001
  +3.37290854008e-001-j3.99074251722e-001
  +3.12019490966e-001-j4.48615137726e-001
  +2.79844685389e-001-j4.97584018178e-001
  +2.40436710795e-001-j5.45085045615e-001
  +1.93558502540e-001-j5.90104039172e-001
  +1.39095228759e-001-j6.31508400716e-001
  +7.70886567757e-002-j6.68052806745e-001
  +7.77579642751e-003-j6.98392960449e-001
  -6.83694949932e-002-j7.21110015824e-001
  -1.50594358583e-001-j7.34748404263e-001
  -2.37828026835e-001-j7.37869527427e-001
  -3.28651529626e-001-j7.29122913150e-001
  -4.21282899632e-001-j7.07334747875e-001
  -5.13585836549e-001-j6.71611059256e-001
  -6.03109859694e-001-j6.21449274973e-001
  -6.87168422428e-001-j5.56847799062e-001
  -7.62957779216e-001-j4.78399411775e-001
  -8.27713496381e-001-j3.87351889047e-001
  -8.78893994486e-001-j2.85619583559e-001
  -9.14372864806e-001-j1.75733833710e-001
  -9.32616031630e-001-j6.07281083207e-002
  -9.32818301738e-001+j5.60354162027e-002
  -9.14977788714e-001+j1.71080050258e-001
  -8.79895869662e-001+j2.81043389893e-001
  -8.29102695832e-001+j3.82891442906e-001
</dep>
