<Qucs Dataset 0.0.18>
<indep frequency 300>
  +1.00000000000e+006
  +2.00000000000e+006
  +3.00000000000e+006
  +4.00000000000e+006
  +5.00000000000e+006
  +6.00000000000e+006
  +7.00000000000e+006
  +8.00000000000e+006
  +9.00000000000e+006
  +1.00000000000e+007
  +1.10000000000e+007
  +1.20000000000e+007
  +1.30000000000e+007
  +1.40000000000e+007
  +1.50000000000e+007
  +1.60000000000e+007
  +1.70000000000e+007
  +1.80000000000e+007
  +1.90000000000e+007
  +2.00000000000e+007
  +2.10000000000e+007
  +2.20000000000e+007
  +2.30000000000e+007
  +2.40000000000e+007
  +2.50000000000e+007
  +2.60000000000e+007
  +2.70000000000e+007
  +2.80000000000e+007
  +2.90000000000e+007
  +3.00000000000e+007
  +3.10000000000e+007
  +3.20000000000e+007
  +3.30000000000e+007
  +3.40000000000e+007
  +3.50000000000e+007
  +3.60000000000e+007
  +3.70000000000e+007
  +3.80000000000e+007
  +3.90000000000e+007
  +4.00000000000e+007
  +4.10000000000e+007
  +4.20000000000e+007
  +4.30000000000e+007
  +4.40000000000e+007
  +4.50000000000e+007
  +4.60000000000e+007
  +4.70000000000e+007
  +4.80000000000e+007
  +4.90000000000e+007
  +5.00000000000e+007
  +5.10000000000e+007
  +5.20000000000e+007
  +5.30000000000e+007
  +5.40000000000e+007
  +5.50000000000e+007
  +5.60000000000e+007
  +5.70000000000e+007
  +5.80000000000e+007
  +5.90000000000e+007
  +6.00000000000e+007
  +6.10000000000e+007
  +6.20000000000e+007
  +6.30000000000e+007
  +6.40000000000e+007
  +6.50000000000e+007
  +6.60000000000e+007
  +6.70000000000e+007
  +6.80000000000e+007
  +6.90000000000e+007
  +7.00000000000e+007
  +7.10000000000e+007
  +7.20000000000e+007
  +7.30000000000e+007
  +7.40000000000e+007
  +7.50000000000e+007
  +7.60000000000e+007
  +7.70000000000e+007
  +7.80000000000e+007
  +7.90000000000e+007
  +8.00000000000e+007
  +8.10000000000e+007
  +8.20000000000e+007
  +8.30000000000e+007
  +8.40000000000e+007
  +8.50000000000e+007
  +8.60000000000e+007
  +8.70000000000e+007
  +8.80000000000e+007
  +8.90000000000e+007
  +9.00000000000e+007
  +9.10000000000e+007
  +9.20000000000e+007
  +9.30000000000e+007
  +9.40000000000e+007
  +9.50000000000e+007
  +9.60000000000e+007
  +9.70000000000e+007
  +9.80000000000e+007
  +9.90000000000e+007
  +1.00000000000e+008
  +1.01000000000e+008
  +1.02000000000e+008
  +1.03000000000e+008
  +1.04000000000e+008
  +1.05000000000e+008
  +1.06000000000e+008
  +1.07000000000e+008
  +1.08000000000e+008
  +1.09000000000e+008
  +1.10000000000e+008
  +1.11000000000e+008
  +1.12000000000e+008
  +1.13000000000e+008
  +1.14000000000e+008
  +1.15000000000e+008
  +1.16000000000e+008
  +1.17000000000e+008
  +1.18000000000e+008
  +1.19000000000e+008
  +1.20000000000e+008
  +1.21000000000e+008
  +1.22000000000e+008
  +1.23000000000e+008
  +1.24000000000e+008
  +1.25000000000e+008
  +1.26000000000e+008
  +1.27000000000e+008
  +1.28000000000e+008
  +1.29000000000e+008
  +1.30000000000e+008
  +1.31000000000e+008
  +1.32000000000e+008
  +1.33000000000e+008
  +1.34000000000e+008
  +1.35000000000e+008
  +1.36000000000e+008
  +1.37000000000e+008
  +1.38000000000e+008
  +1.39000000000e+008
  +1.40000000000e+008
  +1.41000000000e+008
  +1.42000000000e+008
  +1.43000000000e+008
  +1.44000000000e+008
  +1.45000000000e+008
  +1.46000000000e+008
  +1.47000000000e+008
  +1.48000000000e+008
  +1.49000000000e+008
  +1.50000000000e+008
  +1.51000000000e+008
  +1.52000000000e+008
  +1.53000000000e+008
  +1.54000000000e+008
  +1.55000000000e+008
  +1.56000000000e+008
  +1.57000000000e+008
  +1.58000000000e+008
  +1.59000000000e+008
  +1.60000000000e+008
  +1.61000000000e+008
  +1.62000000000e+008
  +1.63000000000e+008
  +1.64000000000e+008
  +1.65000000000e+008
  +1.66000000000e+008
  +1.67000000000e+008
  +1.68000000000e+008
  +1.69000000000e+008
  +1.70000000000e+008
  +1.71000000000e+008
  +1.72000000000e+008
  +1.73000000000e+008
  +1.74000000000e+008
  +1.75000000000e+008
  +1.76000000000e+008
  +1.77000000000e+008
  +1.78000000000e+008
  +1.79000000000e+008
  +1.80000000000e+008
  +1.81000000000e+008
  +1.82000000000e+008
  +1.83000000000e+008
  +1.84000000000e+008
  +1.85000000000e+008
  +1.86000000000e+008
  +1.87000000000e+008
  +1.88000000000e+008
  +1.89000000000e+008
  +1.90000000000e+008
  +1.91000000000e+008
  +1.92000000000e+008
  +1.93000000000e+008
  +1.94000000000e+008
  +1.95000000000e+008
  +1.96000000000e+008
  +1.97000000000e+008
  +1.98000000000e+008
  +1.99000000000e+008
  +2.00000000000e+008
  +2.01000000000e+008
  +2.02000000000e+008
  +2.03000000000e+008
  +2.04000000000e+008
  +2.05000000000e+008
  +2.06000000000e+008
  +2.07000000000e+008
  +2.08000000000e+008
  +2.09000000000e+008
  +2.10000000000e+008
  +2.11000000000e+008
  +2.12000000000e+008
  +2.13000000000e+008
  +2.14000000000e+008
  +2.15000000000e+008
  +2.16000000000e+008
  +2.17000000000e+008
  +2.18000000000e+008
  +2.19000000000e+008
  +2.20000000000e+008
  +2.21000000000e+008
  +2.22000000000e+008
  +2.23000000000e+008
  +2.24000000000e+008
  +2.25000000000e+008
  +2.26000000000e+008
  +2.27000000000e+008
  +2.28000000000e+008
  +2.29000000000e+008
  +2.30000000000e+008
  +2.31000000000e+008
  +2.32000000000e+008
  +2.33000000000e+008
  +2.34000000000e+008
  +2.35000000000e+008
  +2.36000000000e+008
  +2.37000000000e+008
  +2.38000000000e+008
  +2.39000000000e+008
  +2.40000000000e+008
  +2.41000000000e+008
  +2.42000000000e+008
  +2.43000000000e+008
  +2.44000000000e+008
  +2.45000000000e+008
  +2.46000000000e+008
  +2.47000000000e+008
  +2.48000000000e+008
  +2.49000000000e+008
  +2.50000000000e+008
  +2.51000000000e+008
  +2.52000000000e+008
  +2.53000000000e+008
  +2.54000000000e+008
  +2.55000000000e+008
  +2.56000000000e+008
  +2.57000000000e+008
  +2.58000000000e+008
  +2.59000000000e+008
  +2.60000000000e+008
  +2.61000000000e+008
  +2.62000000000e+008
  +2.63000000000e+008
  +2.64000000000e+008
  +2.65000000000e+008
  +2.66000000000e+008
  +2.67000000000e+008
  +2.68000000000e+008
  +2.69000000000e+008
  +2.70000000000e+008
  +2.71000000000e+008
  +2.72000000000e+008
  +2.73000000000e+008
  +2.74000000000e+008
  +2.75000000000e+008
  +2.76000000000e+008
  +2.77000000000e+008
  +2.78000000000e+008
  +2.79000000000e+008
  +2.80000000000e+008
  +2.81000000000e+008
  +2.82000000000e+008
  +2.83000000000e+008
  +2.84000000000e+008
  +2.85000000000e+008
  +2.86000000000e+008
  +2.87000000000e+008
  +2.88000000000e+008
  +2.89000000000e+008
  +2.90000000000e+008
  +2.91000000000e+008
  +2.92000000000e+008
  +2.93000000000e+008
  +2.94000000000e+008
  +2.95000000000e+008
  +2.96000000000e+008
  +2.97000000000e+008
  +2.98000000000e+008
  +2.99000000000e+008
  +3.00000000000e+008
</indep>
<dep phaseS21 frequency>
  -4.55282467478e+000
  -9.10683475068e+000
  -1.36634722595e+001
  -1.82241547565e+001
  -2.27903109002e+001
  -2.73633925638e+001
  -3.19448840270e+001
  -3.65363104664e+001
  -4.11392463583e+001
  -4.57553240430e+001
  -5.03862425857e+001
  -5.50337770185e+001
  -5.96997880268e+001
  -6.43862321245e+001
  -6.90951723469e+001
  -7.38287894732e+001
  -7.85893937645e+001
  -8.33794371760e+001
  -8.82015259561e+001
  -9.30584334955e+001
  -9.79531132098e+001
  -1.02888711148e+002
  -1.07868577885e+002
  -1.12896279104e+002
  -1.17975604035e+002
  -1.23110570678e+002
  -1.28305426360e+002
  -1.33564641746e+002
  -1.38892895895e+002
  -1.44295049258e+002
  -1.49776100708e+002
  -1.55341123705e+002
  -1.60995175494e+002
  -1.66743171811e+002
  -1.72589717735e+002
  -1.78538882930e+002
  +1.75406094083e+002
  +1.69243194014e+002
  +1.62972130114e+002
  +1.56595043247e+002
  +1.50117487480e+002
  +1.43549936677e+002
  +1.36910344993e+002
  +1.30229113197e+002
  +1.23560315411e+002
  +1.17012129208e+002
  +1.10852132609e+002
  +1.06053358531e+002
  +1.12116310414e+002
  -1.08445337803e+002
  -1.06842188527e+002
  -1.12009994481e+002
  -1.18260940887e+002
  -1.24834587882e+002
  -1.31504271010e+002
  -1.38174493075e+002
  -1.44796441494e+002
  -1.51342413409e+002
  -1.57796069400e+002
  -1.64148006911e+002
  -1.70393426003e+002
  -1.76530730820e+002
  +1.77439396915e+002
  +1.71514656018e+002
  +1.65691613269e+002
  +1.59966071950e+002
  +1.54333352143e+002
  +1.48788503108e+002
  +1.43326462475e+002
  +1.37942173581e+002
  +1.32630669965e+002
  +1.27387134274e+002
  +1.22206937423e+002
  +1.17085662711e+002
  +1.12019118606e+002
  +1.07003343145e+002
  +1.02034602250e+002
  +9.71093837293e+001
  +9.22243883238e+001
  +8.73765188167e+001
  +8.25628679843e+001
  +7.77807059428e+001
  +7.30274673025e+001
  +6.83007384160e+001
  +6.35982449172e+001
  +5.89178396793e+001
  +5.42574912682e+001
  +4.96152729301e+001
  +4.49893521246e+001
  +4.03779805932e+001
  +3.57794849412e+001
  +3.11922576980e+001
  +2.66147488179e+001
  +2.20454575753e+001
  +1.74829248076e+001
  +1.29257254592e+001
  +8.37246137401e+000
  +3.82175428977e+000
  -7.27761016132e-001
  -5.27744347894e+000
  -9.82865244501e+000
  -1.43827543653e+001
  -1.89411295316e+001
  -2.35051789039e+001
  -2.80763310755e+001
  -3.26560494221e+001
  -3.72458394827e+001
  -4.18472566133e+001
  -4.64619139586e+001
  -5.10914907784e+001
  -5.57377411633e+001
  -6.04025031663e+001
  -6.50877083653e+001
  -6.97953918610e+001
  -7.45277026893e+001
  -7.92869146043e+001
  -8.40754371497e+001
  -8.88958268860e+001
  -9.37507985748e+001
  -9.86432360363e+001
  -1.03576202275e+002
  -1.08552948325e+002
  -1.13576920062e+002
  -1.18651761977e+002
  -1.23781316582e+002
  -1.28969617689e+002
  -1.34220875266e+002
  -1.39539448892e+002
  -1.44929805946e+002
  -1.50396459557e+002
  -1.55943879886e+002
  -1.61576370416e+002
  -1.67297898333e+002
  -1.73111864379e+002
  -1.79020791914e+002
  +1.74974094380e+002
  +1.68873446207e+002
  +1.62680603160e+002
  +1.56402778660e+002
  +1.50052896580e+002
  +1.43652664254e+002
  +1.37238230109e+002
  +1.30871846916e+002
  +1.24669387793e+002
  +1.18877473694e+002
  +1.14150517926e+002
  +1.13072705425e+002
  +1.42352346901e+002
  -1.18517108264e+002
  -1.12917990678e+002
  -1.16380818991e+002
  -1.21750477463e+002
  -1.27780850544e+002
  -1.34076949334e+002
  -1.40471007180e+002
  -1.46878323238e+002
  -1.53251431037e+002
  -1.59562218841e+002
  -1.65793814951e+002
  -1.71936422215e+002
  -1.77984944758e+002
  +1.76062486606e+002
  +1.70205494786e+002
  +1.64442140767e+002
  +1.58769416670e+002
  +1.53183607372e+002
  +1.47680557695e+002
  +1.42255869666e+002
  +1.36905047107e+002
  +1.31623600191e+002
  +1.26407119519e+002
  +1.21251327014e+002
  +1.16152109297e+002
  +1.11105537923e+002
  +1.06107879844e+002
  +1.01155600729e+002
  +9.62453631304e+001
  +9.13740210120e+001
  +8.65386118145e+001
  +8.17363468987e+001
  +7.69646010207e+001
  +7.22209013041e+001
  +6.75029160465e+001
  +6.28084435983e+001
  +5.81354014764e+001
  +5.34818158150e+001
  +4.88458112184e+001
  +4.42256010444e+001
  +3.96194781275e+001
  +3.50258059311e+001
  +3.04430101086e+001
  +2.58695704433e+001
  +2.13040131324e+001
  +1.67449033745e+001
  +1.21908382205e+001
  +7.64043964318e+000
  +3.09234778213e+000
  -1.45478568050e+000
  -6.00230405852e+000
  -1.05515521586e+001
  -1.51038827803e+001
  -1.96606632623e+001
  -2.42232821199e+001
  -2.87931558147e+001
  -3.33717356997e+001
  -3.79605151795e+001
  -4.25610371232e+001
  -4.71749015658e+001
  -5.18037737272e+001
  -5.64493923736e+001
  -6.11135785338e+001
  -6.57982445736e+001
  -7.05054036097e+001
  -7.52371792246e+001
  -7.99958154068e+001
  -8.47836866016e+001
  -8.96033076949e+001
  -9.44573436787e+001
  -9.93486186433e+001
  -1.04280123609e+002
  -1.09255022532e+002
  -1.14276655602e+002
  -1.19348538634e+002
  -1.24474357001e+002
  -1.29657952033e+002
  -1.34903297189e+002
  -1.40214460472e+002
  -1.45595548464e+002
  -1.51050625974e+002
  -1.56583603346e+002
  -1.62198080875e+002
  -1.67897136044e+002
  -1.73683033614e+002
  -1.79556829662e+002
  +1.74482174610e+002
  +1.68437200904e+002
  +1.62315107700e+002
  +1.56128079757e+002
  +1.49896349408e+002
  +1.43652923243e+002
  +1.37452570247e+002
  +1.31390851057e+002
  +1.25650066135e+002
  +1.20631182860e+002
  +1.17442055893e+002
  +1.20673129338e+002
  +1.68522509353e+002
  -1.23769708545e+002
  -1.17426622712e+002
  -1.19941641972e+002
  -1.24722758190e+002
  -1.30359292898e+002
  -1.36371233645e+002
  -1.42548323473e+002
  -1.48782961613e+002
  -1.55014406107e+002
  -1.61206352837e+002
  -1.67336594244e+002
  -1.73391688391e+002
  -1.79363941676e+002
  +1.74750437831e+002
  +1.68952543983e+002
  +1.63241595277e+002
  +1.57615516333e+002
  +1.52071357740e+002
  +1.46605602713e+002
  +1.41214391946e+002
  +1.35893688064e+002
  +1.30639394903e+002
  +1.25447442792e+002
  +1.20313848209e+002
  +1.15234754125e+002
  +1.10206455904e+002
  +1.05225416431e+002
  +1.00288273309e+002
  +9.53918402907e+001
  +9.05331045779e+001
  +8.57092212325e+001
  +8.09175056383e+001
  +7.61554247047e+001
  +7.14205873281e+001
  +6.67107344853e+001
  +6.20237292259e+001
  +5.73575467515e+001
  +5.27102647070e+001
  +4.80800537647e+001
  +4.34651685472e+001
  +3.88639389090e+001
  +3.42747615800e+001
  +2.96960921583e+001
  +2.51264374317e+001
  +2.05643479999e+001
  +1.60084111637e+001
  +1.14572440465e+001
  +6.90948690797e+000
  +2.36379661206e+000
  -2.18115979179e+000
  -6.72671141511e+000
  -1.12741898449e+001
  -1.58249354669e+001
</dep>
<dep phaseS11 frequency>
  -9.53979214643e+001
  -9.97224646187e+001
  -1.04178414216e+002
  -1.08679984338e+002
  -1.13206663452e+002
  -1.17751434880e+002
  -1.22311732221e+002
  -1.26886869932e+002
  -1.31477103057e+002
  -1.36083224425e+002
  -1.40706373317e+002
  -1.45347938527e+002
  -1.50009507880e+002
  -1.54692842472e+002
  -1.59399865022e+002
  -1.64132656750e+002
  -1.68893459723e+002
  -1.73684682854e+002
  -1.78508910426e+002
  +1.76631087612e+002
  +1.71732344198e+002
  +1.66791683071e+002
  +1.61805706619e+002
  +1.56770784297e+002
  +1.51683042397e+002
  +1.46538356180e+002
  +1.41332345629e+002
  +1.36060376447e+002
  +1.30717568330e+002
  +1.25298813062e+002
  +1.19798805522e+002
  +1.14212091309e+002
  +1.08533135297e+002
  +1.02756415946e+002
  +9.68765504687e+001
  +9.08884558955e+001
  +8.47875502542e+001
  +7.85699963996e+001
  +7.22329879526e+001
  +6.57750721765e+001
  +5.91964982249e+001
  +5.24995712725e+001
  +4.56889842934e+001
  +3.87720911041e+001
  +3.17590788164e+001
  +2.46629975505e+001
  +1.74996123903e+001
  +1.02870582294e+001
  +3.04530135469e+000
  -4.20456117501e+000
  -1.14411076676e+001
  -1.86434289037e+001
  -2.57919162467e+001
  -3.28689293146e+001
  -3.98592919117e+001
  -4.67505914592e+001
  -5.35332838950e+001
  -6.02006277091e+001
  -6.67484844968e+001
  -7.31750286900e+001
  -7.94804074299e+001
  -8.56663852458e+001
  -9.17359997548e+001
  -9.76932459428e+001
  -1.03542798963e+002
  -1.09289779394e+002
  -1.14939560640e+002
  -1.20497615412e+002
  -1.25969396773e+002
  -1.31360248592e+002
  -1.36675340270e+002
  -1.41919620925e+002
  -1.47097788741e+002
  -1.52214271764e+002
  -1.57273216971e+002
  -1.62278484904e+002
  -1.67233647565e+002
  -1.72141987483e+002
  -1.77006496019e+002
  +1.78170131128e+002
  +1.73385503504e+002
  +1.68637553507e+002
  +1.63924566022e+002
  +1.59245225967e+002
  +1.54598692833e+002
  +1.49984716765e+002
  +1.45403820457e+002
  +1.40857588965e+002
  +1.36349143668e+002
  +1.31883945508e+002
  +1.27471220438e+002
  +1.23126641873e+002
  +1.18877771891e+002
  +1.14776234850e+002
  +1.10928824516e+002
  +1.07593769825e+002
  +1.05585364170e+002
  +1.09396871253e+002
  -1.46566677744e+002
  -1.06854940751e+002
  -1.06165161856e+002
  -1.08769522084e+002
  -1.12315953504e+002
  -1.16263180604e+002
  -1.20420890879e+002
  -1.24705647940e+002
  -1.29075611152e+002
  -1.33507908091e+002
  -1.37989348419e+002
  -1.42512127497e+002
  -1.47071652072e+002
  -1.51665361012e+002
  -1.56292049969e+002
  -1.60951467776e+002
  -1.65644067219e+002
  -1.70370847466e+002
  -1.75133253034e+002
  -1.79933108750e+002
  +1.75227421748e+002
  +1.70345861853e+002
  +1.65419437358e+002
  +1.60445084971e+002
  +1.55419456677e+002
  +1.50338922142e+002
  +1.45199571170e+002
  +1.39997218184e+002
  +1.34727410893e+002
  +1.29385445556e+002
  +1.23966391665e+002
  +1.18465129344e+002
  +1.12876403272e+002
  +1.07194897436e+002
  +1.01415335442e+002
  +9.55326112586e+001
  +8.95419549646e+001
  +8.34391371646e+001
  +7.72207137424e+001
  +7.08843094258e+001
  +6.44289338688e+001
  +5.78553176186e+001
  +5.11662477027e+001
  +4.43668744499e+001
  +3.74649540021e+001
  +3.04709867910e+001
  +2.33982133413e+001
  +1.62624370094e+001
  +9.08165934913e+000
  +1.87553634581e+000
  -5.33531084805e+000
  -1.25300741341e+001
  -1.96885542031e+001
  -2.67918993297e+001
  -3.38232224648e+001
  -4.07680516755e+001
  -4.76145939372e+001
  -5.43538167334e+001
  -6.09793713157e+001
  -6.74873933960e+001
  -7.38762212740e+001
  -8.01460693947e+001
  -8.62986892724e+001
  -9.23370418297e+001
  -9.82649971964e+001
  -1.04087071009e+002
  -1.09808200743e+002
  -1.15433561690e+002
  -1.20968419692e+002
  -1.26418016336e+002
  -1.31787481776e+002
  -1.37081770301e+002
  -1.42305614052e+002
  -1.47463490758e+002
  -1.52559601855e+002
  -1.57597857794e+002
  -1.62581867745e+002
  -1.67514931170e+002
  -1.72400028809e+002
  -1.77239810603e+002
  +1.77963422321e+002
  +1.73207745130e+002
  +1.68491651013e+002
  +1.63814113985e+002
  +1.59174683024e+002
  +1.54573623614e+002
  +1.50012132656e+002
  +1.45492670409e+002
  +1.41019485594e+002
  +1.36599472494e+002
  +1.32243626268e+002
  +1.27969638490e+002
  +1.23806819777e+002
  +1.19806193039e+002
  +1.16063401883e+002
  +1.12778393344e+002
  +1.10445184632e+002
  +1.10681822598e+002
  +1.22927180363e+002
  -1.42192725838e+002
  -1.12596315640e+002
  -1.10233435709e+002
  -1.11953688395e+002
  -1.14982050618e+002
  -1.18593065948e+002
  -1.22516493997e+002
  -1.26629549472e+002
  -1.30868938934e+002
  -1.35199142795e+002
  -1.39599047425e+002
  -1.44055638646e+002
  -1.48560761141e+002
  -1.53109338223e+002
  -1.57698340380e+002
  -1.62326161511e+002
  -1.66992228600e+002
  -1.71696750822e+002
  -1.76440555053e+002
  +1.78775023410e+002
  +1.73948213929e+002
  +1.69076859422e+002
  +1.64158448958e+002
  +1.59190139458e+002
  +1.54168770432e+002
  +1.49090874819e+002
  +1.43952688530e+002
  +1.38750161157e+002
  +1.33478970310e+002
  +1.28134542276e+002
  +1.22712081997e+002
  +1.17206615796e+002
  +1.11613050692e+002
  +1.05926254625e+002
  +1.00141162166e+002
  +9.42529103388e+001
  +8.82570087309e+001
  +8.21495469565e+001
  +7.59274403629e+001
  +6.95887115017e+001
  +6.31328000219e+001
  +5.65608873508e+001
  +4.98762151761e+001
  +4.30843692082e+001
  +3.61934934534e+001
  +2.92143972319e+001
  +2.21605195060e+001
  +1.50477243284e+001
  +7.89391765314e+000
  +7.18497703447e-001
  -6.45832515194e+000
  -1.36162825660e+001
  -2.07358076852e+001
  -2.77987302890e+001
  -3.47888486878e+001
  -4.16923390350e+001
  -4.84979863135e+001
  -5.51972437609e+001
  -6.17841449080e+001
  -6.82551027483e+001
  -7.46086338395e+001
  -8.08450428047e+001
  -8.69660968075e+001
  -9.29747121199e+001
  -9.88746674538e+001
  -1.04670352236e+002
  -1.10366552934e+002
  -1.15968276913e+002
  -1.21480611029e+002
  -1.26908610835e+002
  -1.32257215795e+002
  -1.37531185826e+002
  -1.42735054772e+002
  -1.47873096786e+002
  -1.52949302038e+002
  -1.57967358548e+002
  -1.62930637223e+002
  -1.67842177346e+002
  -1.72704669708e+002
  -1.77520434313e+002
  +1.77708611059e+002
  +1.72980996224e+002
  +1.68295764617e+002
  +1.63652569712e+002
  +1.59051816717e+002
  +1.54494872942e+002
  +1.49984385001e+002
  +1.45524767250e+002
  +1.41122974496e+002
  +1.36789766299e+002
  +1.32541863244e+002
  +1.28405817093e+002
  +1.24425411974e+002
  +1.20677001496e+002
  +1.17304793497e+002
  +1.14614398617e+002
  +1.13377116365e+002
  +1.16196295452e+002
  +1.38044910866e+002
  -1.40234426683e+002
  -1.16639648121e+002
  -1.13535093708e+002
  -1.14686015398e+002
</dep>
<dep dBS21 frequency>
  -1.12727935893e-002
  -1.91980450842e-002
  -2.84420066523e-002
  -3.94846016482e-002
  -5.25507315578e-002
  -6.77980063444e-002
  -8.53653545000e-002
  -1.05391640973e-001
  -1.28024889567e-001
  -1.53427969284e-001
  -1.81782861598e-001
  -2.13294419555e-001
  -2.48194076844e-001
  -2.86743778158e-001
  -3.29240322935e-001
  -3.76020284262e-001
  -4.27465659802e-001
  -4.84010422126e-001
  -5.46148157664e-001
  -6.14441015499e-001
  -6.89530229858e-001
  -7.72148534963e-001
  -8.63134860754e-001
  -9.63451786814e-001
  -1.07420634546e+000
  -1.19667491151e+000
  -1.33233310767e+000
  -1.48289190780e+000
  -1.65034146173e+000
  -1.83700463447e+000
  -2.04560291072e+000
  -2.27933826274e+000
  -2.54199597514e+000
  -2.83807553357e+000
  -3.17295997132e+000
  -3.55313932519e+000
  -3.98651250875e+000
  -4.48280661026e+000
  -5.05417844762e+000
  -5.71611038039e+000
  -6.48880258302e+000
  -7.39944638320e+000
  -8.48615849364e+000
  -9.80529041959e+000
  -1.14463006791e+001
  -1.35659955779e+001
  -1.64830920819e+001
  -2.10320417172e+001
  -3.11421606063e+001
  -2.85628136452e+001
  -2.01236189758e+001
  -1.59490506026e+001
  -1.31986361448e+001
  -1.11751559321e+001
  -9.59789879148e+000
  -8.32474262531e+000
  -7.27309892026e+000
  -6.39026831675e+000
  -5.64026629847e+000
  -4.99724079697e+000
  -4.44188417032e+000
  -3.95933857006e+000
  -3.53790201068e+000
  -3.16818964374e+000
  -2.84256692276e+000
  -2.55475233491e+000
  -2.29953006500e+000
  -2.07253648925e+000
  -1.87009787071e+000
  -1.68910460684e+000
  -1.52691225107e+000
  -1.38126259070e+000
  -1.25022004130e+000
  -1.13211992987e+000
  -1.02552613350e+000
  -9.29196164437e-001
  -8.42052239042e-001
  -7.63157194464e-001
  -6.91694359290e-001
  -6.26950668628e-001
  -5.68302455225e-001
  -5.15203458248e-001
  -4.67174677768e-001
  -4.23795771694e-001
  -3.84697746750e-001
  -3.49556739365e-001
  -3.18088718141e-001
  -2.90044968781e-001
  -2.65208246276e-001
  -2.43389498808e-001
  -2.24425084147e-001
  -2.08174412813e-001
  -1.94517963669e-001
  -1.83355627104e-001
  -1.74605339102e-001
  -1.68201976474e-001
  -1.64096489498e-001
  -1.62255253627e-001
  -1.62659626592e-001
  -1.65305701685e-001
  -1.70204252010e-001
  -1.77380864496e-001
  -1.86876266317e-001
  -1.98746850368e-001
  -2.13065410579e-001
  -2.29922102362e-001
  -2.49425648373e-001
  -2.71704815321e-001
  -2.96910193850e-001
  -3.25216320799e-001
  -3.56824191666e-001
  -3.91964221139e-001
  -4.30899721496e-001
  -4.73930982964e-001
  -5.21400057287e-001
  -5.73696366557e-001
  -6.31263284608e-001
  -6.94605869133e-001
  -7.64299960604e-001
  -8.41002910874e-001
  -9.25466262559e-001
  -1.01855077318e+000
  -1.12124427004e+000
  -1.23468293916e+000
  -1.36017680302e+000
  -1.49924033961e+000
  -1.65362945820e+000
  -1.82538640256e+000
  -2.01689464248e+000
  -2.23094650574e+000
  -2.47082730173e+000
  -2.74042116679e+000
  -3.04434611132e+000
  -3.38812926106e+000
  -3.77843892386e+000
  -4.22339942799e+000
  -4.73303054697e+000
  -5.31988129983e+000
  -5.99997920921e+000
  -6.79431464442e+000
  -7.73128025162e+000
  -8.85092252069e+000
  -1.02129038087e+001
  -1.19128525707e+001
  -1.41204108191e+001
  -1.71854311364e+001
  -2.20336019110e+001
  -3.20567195866e+001
  -2.61763780929e+001
  -1.93739049862e+001
  -1.55778030043e+001
  -1.29921958109e+001
  -1.10605218798e+001
  -9.54144841018e+000
  -8.30812234765e+000
  -7.28512476224e+000
  -6.42358590837e+000
  -5.68976845972e+000
  -5.05923711810e+000
  -4.51362896947e+000
  -4.03874451488e+000
  -3.62335669135e+000
  -3.25843261876e+000
  -2.93660411630e+000
  -2.65179455073e+000
  -2.39894769166e+000
  -2.17382545084e+000
  -1.97285361679e+000
  -1.79300198993e+000
  -1.63168980190e+000
  -1.48671013150e+000
  -1.35616886561e+000
  -1.23843497629e+000
  -1.13209972141e+000
  -1.03594296192e+000
  -9.48905208426e-001
  -8.70064317196e-001
  -7.98615984895e-001
  -7.33857365294e-001
  -6.75173265098e-001
  -6.22024480334e-001
  -5.73937916993e-001
  -5.30498204933e-001
  -4.91340566404e-001
  -4.56144742808e-001
  -4.24629817563e-001
  -3.96549800926e-001
  -3.71689865552e-001
  -3.49863140523e-001
  -3.30907987202e-001
  -3.14685693387e-001
  -3.01078533154e-001
  -2.89988149038e-001
  -2.81334221084e-001
  -2.75053394046e-001
  -2.71098439944e-001
  -2.69437638359e-001
  -2.70054361560e-001
  -2.72946855855e-001
  -2.78128214610e-001
  -2.85626542308e-001
  -2.95485312921e-001
  -3.07763929853e-001
  -3.22538498928e-001
  -3.39902830406e-001
  -3.59969691042e-001
  -3.82872332780e-001
  -4.08766331135e-001
  -4.37831773714e-001
  -4.70275848027e-001
  -5.06335887997e-001
  -5.46282950760e-001
  -5.90426009926e-001
  -6.39116869050e-001
  -6.92755920231e-001
  -7.51798898630e-001
  -8.16764815160e-001
  -8.88245288378e-001
  -9.66915544455e-001
  -1.05354741363e+000
  -1.14902472622e+000
  -1.25436160546e+000
  -1.37072427522e+000
  -1.49945715618e+000
  -1.64211422835e+000
  -1.80049691008e+000
  -1.97670007285e+000
  -2.17316832247e+000
  -2.39276540201e+000
  -2.63886062249e+000
  -2.91543779030e+000
  -3.22723448555e+000
  -3.57992328308e+000
  -3.98035252410e+000
  -4.43687421205e+000
  -4.95980362506e+000
  -5.56208531461e+000
  -6.26029545828e+000
  -7.07621709370e+000
  -8.03944214111e+000
  -9.19192980171e+000
  -1.05965870562e+001
  -1.23549693144e+001
  -1.46485428536e+001
  -1.78526379063e+001
  -2.29259017488e+001
  -3.09342852443e+001
  -2.43465888059e+001
  -1.86679374341e+001
  -1.52040539548e+001
  -1.27721901019e+001
  -1.09284935799e+001
  -9.46608845332e+000
  -8.27203108050e+000
  -7.27758121620e+000
  -6.43748547128e+000
  -5.72014719305e+000
  -5.10248855036e+000
  -4.56705549272e+000
  -4.10028386109e+000
  -3.69140618525e+000
  -3.33173114507e+000
  -3.01414984295e+000
  -2.73278577454e+000
  -2.48273921536e+000
  -2.25989574515e+000
  -2.06077968965e+000
  -1.88243989812e+000
  -1.72235937757e+000
  -1.57838290970e+000
  -1.44865847574e+000
  -1.33158945085e+000
  -1.22579531042e+000
  -1.13007913813e+000
  -1.04340062049e+000
  -9.64853501301e-001
  -8.93646686184e-001
  -8.29088351546e-001
  -7.70572539398e-001
  -7.17567818315e-001
  -6.69607669089e-001
  -6.26282315816e-001
  -5.87231773115e-001
  -5.52139920511e-001
  -5.20729447836e-001
  -4.92757542284e-001
  -4.68012209796e-001
  -4.46309141632e-001
  -4.27489052085e-001
  -4.11415425898e-001
  -3.97972624522e-001
  -3.87064309326e-001
  -3.78612147494e-001
  -3.72554772949e-001
  -3.68846980397e-001
  -3.67459135672e-001
  -3.68376790202e-001
  -3.71600491622e-001
  -3.77145786638e-001
  -3.85043416095e-001
</dep>
<dep dBS11 frequency>
  -3.59838027691e+001
  -2.99627878202e+001
  -2.64356886880e+001
  -2.39274373960e+001
  -2.19757681925e+001
  -2.03747777830e+001
  -1.90146302344e+001
  -1.78297610266e+001
  -1.67778769829e+001
  -1.58300980152e+001
  -1.49658230470e+001
  -1.41698397708e+001
  -1.34305957196e+001
  -1.27391123809e+001
  -1.20882753968e+001
  -1.14723549199e+001
  -1.08866723255e+001
  -1.03273631177e+001
  -9.79120491613e+000
  -9.27549063494e+000
  -8.77793379626e+000
  -8.29659721487e+000
  -7.82983905432e+000
  -7.37627208202e+000
  -6.93473318071e+000
  -6.50426101807e+000
  -6.08408036179e+000
  -5.67359193548e+000
  -5.27236699008e+000
  -4.88014594700e+000
  -4.49684056940e+000
  -4.12253914412e+000
  -3.75751411063e+000
  -3.40223145151e+000
  -3.05736095697e+000
  -2.72378619329e+000
  -2.40261264636e+000
  -2.09517210048e+000
  -1.80302089196e+000
  -1.52792932749e+000
  -1.27185939296e+000
  -1.03692804977e+000
  -8.25354088044e-001
  -6.39387813473e-001
  -4.81224830516e-001
  -3.52907723210e-001
  -2.56222178440e-001
  -1.92596482909e-001
  -1.63014680836e-001
  -1.67953420035e-001
  -2.07350380918e-001
  -2.80608413467e-001
  -3.86634834371e-001
  -5.23910785331e-001
  -6.90582109240e-001
  -8.84561494240e-001
  -1.10363178327e+000
  -1.34554199648e+000
  -1.60809013963e+000
  -1.88918961128e+000
  -2.18691845554e+000
  -2.49955254245e+000
  -2.82558491154e+000
  -3.16373405828e+000
  -3.51294402307e+000
  -3.87237892361e+000
  -4.24141419632e+000
  -4.61962638849e+000
  -5.00678293995e+000
  -5.40283305029e+000
  -5.80790046215e+000
  -6.22227880691e+000
  -6.64643005337e+000
  -7.08098656843e+000
  -7.52675733905e+000
  -7.98473901854e+000
  -8.45613265675e+000
  -8.94236727146e+000
  -9.44513184999e+000
  -9.96641798892e+000
  -1.05085762730e+001
  -1.10743907974e+001
  -1.16671781786e+001
  -1.22909203443e+001
  -1.29504449828e+001
  -1.36516748635e+001
  -1.44019793329e+001
  -1.52106819121e+001
  -1.60898145224e+001
  -1.70552768762e+001
  -1.81286929625e+001
  -1.93405357740e+001
  -2.07357242727e+001
  -2.23844821405e+001
  -2.44057751349e+001
  -2.70261138670e+001
  -3.07655502348e+001
  -3.73262167783e+001
  -4.70460384602e+001
  -3.46707845794e+001
  -2.93912648113e+001
  -2.61058737463e+001
  -2.37160915655e+001
  -2.18342967262e+001
  -2.02791694212e+001
  -1.89513062475e+001
  -1.77903174499e+001
  -1.67567658240e+001
  -1.58234754901e+001
  -1.49709250053e+001
  -1.41846193198e+001
  -1.34535013846e+001
  -1.27689462563e+001
  -1.21240991293e+001
  -1.15134255065e+001
  -1.09323971653e+001
  -1.03772678860e+001
  -9.84491021387e+000
  -9.33269479135e+000
  -8.83840008328e+000
  -8.36014428903e+000
  -7.89633380430e+000
  -7.44562429848e+000
  -7.00689162515e+000
  -6.57921057437e+000
  -6.16184002496e+000
  -5.75421343682e+000
  -5.35593388280e+000
  -4.96677298544e+000
  -4.58667321030e+000
  -4.21575298230e+000
  -3.85431403508e+000
  -3.50285027329e+000
  -3.16205722240e+000
  -2.83284085870e+000
  -2.51632426615e+000
  -2.21385017915e+000
  -1.92697709295e+000
  -1.65746633593e+000
  -1.40725741528e+000
  -1.17842921301e+000
  -9.73145369615e-001
  -7.93583556963e-001
  -6.41850318399e-001
  -5.19885585019e-001
  -4.29363500405e-001
  -3.71598257012e-001
  -3.47464652531e-001
  -3.57342521917e-001
  -4.01091929349e-001
  -4.78062314104e-001
  -5.87134403531e-001
  -7.26789584333e-001
  -8.95198425792e-001
  -1.09031869008e+000
  -1.30999349096e+000
  -1.55204191141e+000
  -1.81433677934e+000
  -2.09486683188e+000
  -2.39178271818e+000
  -2.70342794754e+000
  -3.02835692112e+000
  -3.36534266446e+000
  -3.71337693772e+000
  -4.07166519213e+000
  -4.43961849315e+000
  -4.81684413953e+000
  -5.20313633768e+000
  -5.59846797603e+000
  -6.00298430216e+000
  -6.41699913946e+000
  -6.84099418846e+000
  -7.27562193773e+000
  -7.72171275927e+000
  -8.18028688704e+000
  -8.65257218511e+000
  -9.14002892482e+000
  -9.64438324292e+000
  -1.01676716027e+001
  -1.07122995191e+001
  -1.12811191845e+001
  -1.18775326812e+001
  -1.25056305935e+001
  -1.31703807083e+001
  -1.38778893174e+001
  -1.46357705752e+001
  -1.54536815177e+001
  -1.63441198279e+001
  -1.73236551045e+001
  -1.84149095965e+001
  -1.96499098661e+001
  -2.10761269882e+001
  -2.27682758201e+001
  -2.48539651393e+001
  -2.75783864077e+001
  -3.15070925228e+001
  -3.83598889578e+001
  -4.21724048419e+001
  -3.34650275729e+001
  -2.88059964250e+001
  -2.57462661736e+001
  -2.34713956923e+001
  -2.16588344559e+001
  -2.01498408827e+001
  -1.88548536717e+001
  -1.77184461503e+001
  -1.67039515745e+001
  -1.57858613714e+001
  -1.49457175311e+001
  -1.41697354974e+001
  -1.34473513619e+001
  -1.27702936370e+001
  -1.21319679805e+001
  -1.15270365999e+001
  -1.09511231729e+001
  -1.04006012416e+001
  -9.87243967123e+000
  -9.36408809792e+000
  -8.87339105066e+000
  -8.39852308938e+000
  -7.93793967735e+000
  -7.49034009051e+000
  -7.05463973929e+000
  -6.62995001812e+000
  -6.21556431180e+000
  -5.81094914358e+000
  -5.41573969035e+000
  -5.02973903997e+000
  -4.65292063935e+000
  -4.28543338495e+000
  -3.92760874090e+000
  -3.57996913250e+000
  -3.24323665296e+000
  -2.91834084151e+000
  -2.60642395514e+000
  -2.30884179247e+000
  -2.02715779033e+000
  -1.76312788474e+000
  -1.51867362141e+000
  -1.29584135247e+000
  -1.09674619737e+000
  -9.23500860168e-001
  -7.78131361069e-001
  -6.62484070546e-001
  -5.78130756441e-001
  -5.26280140769e-001
  -5.07705155049e-001
  -5.22694271120e-001
  -5.71032892210e-001
  -6.52017168963e-001
  -7.64498479801e-001
  -9.06953066860e-001
  -1.07756871054e+000
  -1.27433927300e+000
  -1.49515842835e+000
  -1.73790555457e+000
  -2.00051904008e+000
  -2.28105461553e+000
  -2.57772835741e+000
  -2.88894551156e+000
  -3.21331720779e+000
  -3.54966755344e+000
  -3.89703363164e+000
  -4.25466072620e+000
  -4.62199476695e+000
  -4.99867362527e+000
  -5.38451854650e+000
  -5.77952671622e+000
  -6.18386573589e+000
  -6.59787063390e+000
  -7.02204396001e+000
  -7.45705950140e+000
  -7.90377021879e+000
  -8.36322113475e+000
  -8.83666812576e+000
  -9.32560389801e+000
  -9.83179290074e+000
  -1.03573176124e+001
  -1.09046396200e+001
  -1.14766803599e+001
  -1.20769285469e+001
  -1.27095846233e+001
  -1.33797577244e+001
  -1.40937389616e+001
  -1.48593886022e+001
  -1.56866983730e+001
  -1.65886323738e+001
  -1.75824291798e+001
  -1.86917040049e+001
  -1.99500193268e+001
  -2.14073438352e+001
  -2.31427072192e+001
  -2.52917097471e+001
  -2.81151633443e+001
  -3.22018818749e+001
  -3.89091822580e+001
  -3.92246588573e+001
  -3.24039148569e+001
  -2.82489415201e+001
  -2.53928379371e+001
</dep>
<dep S[1,1] frequency>
  -1.49372671460e-003-j1.58080989829e-002
  -5.36325119670e-003-j3.13024084001e-002
  -1.16755962302e-002-j4.62147136221e-002
  -2.03779626288e-002-j6.02734228877e-002
  -3.13878523817e-002-j7.32098308530e-002
  -4.45972724163e-002-j8.47603209334e-002
  -5.98738039377e-002-j9.46680685375e-002
  -7.70610063828e-002-j1.02684624689e-001
  -9.59786140694e-002-j1.08571485674e-001
  -1.16422652661e-001-j1.12101694740e-001
  -1.38165520044e-001-j1.13061505219e-001
  -1.60956050812e-001-j1.11252130152e-001
  -1.84519575368e-001-j1.06491603911e-001
  -2.08557983062e-001-j9.86167838958e-002
  -2.32749800516e-001-j8.74855242886e-002
  -2.56750300323e-001-j7.29790586940e-002
  -2.80191661665e-001-j5.50046340446e-002
  -3.02683213089e-001-j3.34984442092e-002
  -3.23811799522e-001-j8.42891805590e-003
  -3.43142330981e-001+j2.01995771302e-002
  -3.60218590454e-001+j5.23425506226e-002
  -3.74564403898e-001+j8.79106517843e-002
  -3.85685307514e-001+j1.26764311923e-001
  -3.93070887480e-001+j1.68707699141e-001
  -3.96198016325e-001+j2.13481934009e-001
  -3.94535268791e-001+j2.60757539370e-001
  -3.87548868442e-001+j3.10126140996e-001
  -3.74710593046e-001+j3.61091504322e-001
  -3.55508148069e-001+j4.13060095305e-001
  -3.29458596138e-001+j4.65331501476e-001
  -2.96125492788e-001+j5.17089254736e-001
  -2.55140404212e-001+j5.67392872143e-001
  -2.06229439308e-001+j6.15172283527e-001
  -1.49245271342e-001+j6.59226245018e-001
  -8.42047956353e-002+j6.98226828858e-001
  -1.13319989836e-002+j7.30732586759e-001
  +6.88952672440e-002+j7.55213418911e-001
  +1.55697168616e-001+j7.70090398415e-001
  +2.47946599173e-001+j7.73793591728e-001
  +3.44132780480e-001+j7.64840014014e-001
  +4.42341689459e-001+j7.41931985578e-001
  +5.40262669804e-001+j7.04073110784e-001
  +6.35230845010e-001+j6.50694904647e-001
  +7.24313274848e-001+j5.81782160843e-001
  +8.04442521390e-001+j4.97980434671e-001
  +8.72594253088e-001+j4.00665965554e-001
  +9.25996444179e-001+j2.91958670176e-001
  +9.62348442763e-001+j1.74663810811e-001
  +9.80021357733e-001+j5.21377651090e-002
  +9.78209580885e-001-j7.19135144876e-002
  +9.57008442606e-001-j1.93681389326e-001
  +9.17404543067e-001-j3.09515064568e-001
  +8.61180483403e-001-j4.16161025258e-001
  +7.90750425938e-001-j5.10951327391e-001
  +7.08953209848e-001-j5.91921550660e-001
  +6.18833381346e-001-j6.57852865476e-001
  +5.23437525108e-001-j7.08245303129e-001
  +4.25645676762e-001-j7.43238129164e-001
  +3.28048162183e-001-j7.63497095503e-001
  +2.32869479384e-001-j7.70087779858e-001
  +1.41934391586e-001-j7.64350667422e-001
  +5.66677381831e-002-j7.47788763062e-001
  -2.18817136629e-002-j7.21973700190e-001
  -9.30024750469e-002-j6.88472357360e-001
  -1.56274133874e-001-j6.48793219415e-001
  -2.11519370216e-001-j6.04350084060e-001
  -2.58757977534e-001-j5.56439989290e-001
  -2.98165141461e-001-j5.06232141206e-001
  -3.30035062891e-001-j4.54764900657e-001
  -3.54750203830e-001-j4.02948345800e-001
  -3.72755923509e-001-j3.51570435032e-001
  -3.84539986548e-001-j3.01305273665e-001
  -3.90616297011e-001-j2.52722400515e-001
  -3.91512186624e-001-j2.06296344810e-001
  -3.87758620631e-001-j1.62415961952e-001
  -3.79882751717e-001-j1.21393248166e-001
  -3.68402331926e-001-j8.34714710315e-002
  -3.53821572937e-001-j4.88325473064e-002
  -3.36628119885e-001-j1.76036617495e-002
  -3.17290869994e-001+j1.01368403356e-002
  -2.96258423661e-001+j3.43542316672e-002
  -2.73958002425e-001+j5.50527863616e-002
  -2.50794706404e-001+j7.22716982134e-002
  -2.27151014373e-001+j8.60814651438e-002
  -2.03386453845e-001+j9.65806751115e-002
  -1.79837387456e-001+j1.03893134343e-001
  -1.56816876619e-001+j1.08165284972e-001
  -1.34614594614e-001+j1.09563865516e-001
  -1.13496769834e-001+j1.08273773695e-001
  -9.37061462277e-002+j1.04496096758e-001
  -7.54619527408e-002+j9.84462795872e-002
  -5.89598769188e-002+j9.03524053614e-002
  -4.43720402893e-002+j8.04535675276e-002
  -3.18469747688e-002+j6.89983152242e-002
  -2.15096004136e-002+j5.62431571760e-002
  -1.34612054590e-002+j4.24511114982e-002
  -7.77942988666e-003+j2.78902908185e-002
  -4.51825380681e-003+j1.28325137023e-002
  -3.70799181505e-003-j2.44806541589e-003
  -5.35529423232e-003-j1.76763147263e-002
  -9.44315580424e-003-j3.25774783324e-002
  -1.59309320648e-002-j4.68785304635e-002
  -2.47543631900e-002-j6.03095367879e-002
  -3.58256048149e-002-j7.26050293621e-002
  -4.90332649983e-002-j8.35054024084e-002
  -6.42424463307e-002-j9.27583371017e-002
  -8.12947921477e-002-j1.00120264868e-001
  -1.00008535979e-001-j1.05357880389e-001
  -1.20178553825e-001-j1.08249717609e-001
  -1.41576419685e-001-j1.08587804543e-001
  -1.63950466084e-001-j1.06179415709e-001
  -1.87025853361e-001-j1.00848944470e-001
  -2.10504654278e-001-j9.24399216264e-002
  -2.34065964479e-001-j8.08172111368e-002
  -2.57366054680e-001-j6.58694189342e-002
  -2.80038587643e-001-j4.75115563136e-002
  -3.01694932473e-001-j2.56880051860e-002
  -3.21924621194e-001-j3.75838331149e-004
  -3.40296008611e-001+j2.84114467899e-002
  -3.56357216995e-001+j6.06197177692e-002
  -3.69637473198e-001+j9.61494554543e-002
  -3.79648978337e-001+j1.34850397023e-001
  -3.85889490342e-001+j1.76515517687e-001
  -3.87845848267e-001+j2.20874311082e-001
  -3.84998724828e-001+j2.67585357824e-001
  -3.76828959662e-001+j3.16228219900e-001
  -3.62825898419e-001+j3.66294772631e-001
  -3.42498237448e-001+j4.17180194890e-001
  -3.15387942062e-001+j4.68173992357e-001
  -2.81087853996e-001+j5.18451639007e-001
  -2.39263608475e-001+j5.67067698711e-001
  -1.89680410807e-001+j6.12951637405e-001
  -1.32235032154e-001+j6.54907952542e-001
  -6.69930174288e-002+j6.91622708048e-001
  +5.76950931697e-003+j7.21679018171e-001
  +8.55209668947e-002+j7.43584378360e-001
  +1.71429141668e-001+j7.55812847587e-001
  +2.62320059187e-001+j7.56864738556e-001
  +3.56647006654e-001+j7.45345421774e-001
  +4.52477474512e-001+j7.20062854513e-001
  +5.47506876294e-001+j6.80140363758e-001
  +6.39107772027e-001+j6.25137138560e-001
  +7.24421253769e-001+j5.55164307219e-001
  +8.00492630804e-001+j4.70980361326e-001
  +8.64446585167e-001+j3.74047438015e-001
  +9.13688423706e-001+j2.66531083893e-001
  +9.46109769971e-001+j1.51231624196e-001
  +9.60271512620e-001+j3.14450331374e-002
  +9.55536411888e-001-j8.92364227768e-002
  +9.32129637557e-001-j2.07161540129e-001
  +8.91116890142e-001-j3.18865216804e-001
  +8.34303898967e-001-j4.21289180445e-001
  +7.64074206218e-001-j5.11951692312e-001
  +6.83190839101e-001-j5.89050047634e-001
  +5.94589981677e-001-j6.51492297455e-001
  +5.01191398471e-001-j6.98865913928e-001
  +4.05743059463e-001-j7.31358735570e-001
  +3.10708721128e-001-j7.49650636167e-001
  +2.18199346541e-001-j7.54793525302e-001
  +1.29943531358e-001-j7.48093868481e-001
  +4.72889215916e-002-j7.31007410870e-001
  -2.87743534811e-002-j7.05051393516e-001
  -9.75766112928e-002-j6.71735973674e-001
  -1.58724825593e-001-j6.32514062706e-001
  -2.12057274839e-001-j5.88747326612e-001
  -2.57600108513e-001-j5.41685446445e-001
  -2.95527904280e-001-j4.92455655299e-001
  -3.26129221683e-001-j4.42059826442e-001
  -3.49777415227e-001-j3.91376808038e-001
  -3.66906497781e-001-j3.41168165715e-001
  -3.77991579143e-001-j2.92085934923e-001
  -3.83533283562e-001-j2.44681366177e-001
  -3.84045523534e-001-j1.99413955981e-001
  -3.80046037504e-001-j1.56660296556e-001
  -3.72049159363e-001-j1.16722456545e-001
  -3.60560360249e-001-j7.98357337237e-002
  -3.46072177194e-001-j4.61757100410e-002
  -3.29061212434e-001-j1.58645987628e-002
  -3.09985948726e-001+j1.10230889502e-002
  -2.89285178655e-001+j3.44555087287e-002
  -2.67376889917e-001+j5.44390184337e-002
  -2.44657484457e-001+j7.10142198272e-002
  -2.21501238316e-001+j8.42524425629e-002
  -1.98259932002e-001+j9.42526100013e-002
  -1.75262599249e-001+j1.01138431308e-001
  -1.52815356046e-001+j1.05055869963e-001
  -1.31201282614e-001+j1.06170844642e-001
  -1.10680339176e-001+j1.04667124061e-001
  -9.14893025797e-002+j1.00744382659e-001
  -7.38417153716e-002+j9.46163887721e-002
  -5.79278422614e-002+j8.65093011927e-002
  -4.39146313020e-002+j7.66600537589e-002
  -3.19456787304e-002+j6.53148108003e-002
  -2.21411974887e-002+j5.27274790105e-002
  -1.45979900871e-002+j3.91582635913e-002
  -9.38942678228e-003+j2.48722583746e-002
  -6.56543012832e-003+j1.01380611195e-002
  -6.15246685789e-003-j4.77359368707e-003
  -8.15354783891e-003-j1.95911913890e-002
  -1.25482365598e-002-j3.40437894475e-002
  -1.92926662689e-002-j4.78623716247e-002
  -2.83195655627e-002-j6.07812103359e-002
  -3.95382919193e-002-j7.25392438314e-002
  -5.28348724472e-002-j8.28814755707e-002
  -6.80720509990e-002-j9.15604041657e-002
  -8.50893408504e-002-j9.83374936237e-002
  -1.03703082411e-001-j1.02984695336e-001
  -1.23706506004e-001-j1.05286035363e-001
  -1.44869800728e-001-j1.05039283096e-001
  -1.66940191903e-001-j1.02057720361e-001
  -1.89642031794e-001-j9.61720334838e-002
  -2.12676911360e-001-j8.72323548107e-002
  -2.35723805022e-001-j7.51104846096e-002
  -2.58439266081e-001-j5.97023292050e-002
  -2.80457698020e-001-j4.09305964464e-002
  -3.01391736818e-001-j1.87477950613e-002
  -3.20832792290e-001+j6.86041024328e-003
  -3.38351813054e-001+j3.58714313672e-002
  -3.53500360811e-001+j6.82215172064e-002
  -3.65812106142e-001+j1.03800981127e-001
  -3.74804890978e-001+j1.42448838098e-001
  -3.79983543183e-001+j1.83946803776e-001
  -3.80843676976e-001+j2.28012627144e-001
  -3.76876769455e-001+j2.74292761578e-001
  -3.67576867311e-001+j3.22354431928e-001
  -3.52449346581e-001+j3.71677234744e-001
  -3.31022216519e-001+j4.21644523552e-001
  -3.02860517227e-001+j4.71534991100e-001
  -2.67584394116e-001+j5.20515075691e-001
  -2.24891417507e-001+j5.67633097292e-001
  -1.74583619526e-001+j6.11816373966e-001
  -1.16599498505e-001+j6.51872971976e-001
  -5.10508389914e-002+j6.86500176198e-001
  +2.17364466727e-002+j7.14302173511e-001
  +1.01179183602e-001+j7.33819721043e-001
  +1.86394484100e-001+j7.43574572975e-001
  +2.76162481598e-001+j7.42130962621e-001
  +3.68900391836e-001+j7.28175249553e-001
  +4.62655503211e-001+j7.00612737156e-001
  +5.55125490773e-001+j6.58677555981e-001
  +6.43713952370e-001+j6.02047555125e-001
  +7.25626649600e-001+j5.30951893178e-001
  +7.98009205495e-001+j4.46255463227e-001
  +8.58120125042e-001+j3.49502755113e-001
  +9.03524950068e-001+j2.42905582454e-001
  +9.32289980815e-001+j1.29265052031e-001
  +9.43149619306e-001+j1.18278582626e-002
  +9.35622036681e-001-j1.05911351476e-001
  +9.10054324834e-001-j2.20439090779e-001
  +8.67589510379e-001-j3.28454533355e-001
  +8.10061039354e-001-j4.27073793900e-001
  +7.39832082090e-001-j5.13983174535e-001
  +6.59604319049e-001-j5.87527823595e-001
  +5.72222406830e-001-j6.46733971847e-001
  +4.80496616468e-001-j6.91273067062e-001
  +3.87059072981e-001-j7.21382715696e-001
  +2.94260942968e-001-j7.37761776304e-001
  +2.04110769085e-001-j7.41455861237e-001
  +1.18249060540e-001-j7.33746173349e-001
  +3.79514908501e-002-j7.16050391673e-001
  -3.58477022274e-002-j6.89840279333e-001
  -1.02519886977e-001-j6.56577431110e-001
  -1.61700162765e-001-j6.17666320760e-001
  -2.13244188753e-001-j5.74422491265e-001
  -2.57186913762e-001-j5.28053158729e-001
  -2.93705110212e-001-j4.79647441179e-001
  -3.23084633278e-001-j4.30173669417e-001
  -3.45692642512e-001-j3.80481629721e-001
  -3.61954587761e-001-j3.31308020652e-001
  -3.72335514905e-001-j2.83283815297e-001
  -3.77325134093e-001-j2.36942574268e-001
  -3.77426067753e-001-j1.92729043236e-001
  -3.73144722992e-001-j1.51007593029e-001
  -3.64984288401e-001-j1.12070228119e-001
  -3.53439422499e-001-j7.61440104241e-002
  -3.38992269827e-001-j4.33978297271e-002
  -3.22109505391e-001-j1.39485084435e-002
  -3.03240165680e-001+j1.21337355746e-002
  -2.82814073990e-001+j3.48204232921e-002
  -2.61240709186e-001+j5.41204898420e-002
  -2.38908400992e-001+j7.00764408286e-002
  -2.16183762314e-001+j8.27609296871e-002
  -1.93411290981e-001+j9.22736991703e-002
  -1.70913090442e-001+j9.87388345268e-002
  -1.48988672393e-001+j1.02302281148e-001
  -1.27914814653e-001+j1.03129584879e-001
  -1.07945455459e-001+j1.01403818446e-001
  -8.93116113464e-002+j9.73236624297e-002
  -7.22213101826e-002+j9.11016136739e-002
  -5.68595341648e-002+j8.29622980655e-002
  -4.33881699186e-002+j7.31408681399e-002
  -3.19459644321e-002+j6.18814689961e-002
  -2.26484866192e-002+j4.94357585961e-002
  -1.55880949513e-002+j3.60614706835e-002
  -1.08339119258e-002+j2.20210103147e-002
  -8.43180623792e-003+j7.58007340108e-003
  -8.40438345266e-003-j6.99371728182e-003
  -1.07509857893e-002-j2.14321664165e-002
  -1.54477013747e-002-j3.54678571574e-002
  -2.24473830330e-002-j4.88355050464e-002
</dep>
<dep S[1,2] frequency>
  +9.95551679580e-001-j7.92752322096e-002
  +9.85214947086e-001-j1.57926409708e-001
  +9.68523279413e-001-j2.35446472126e-001
  +9.45532277005e-001-j3.11316963640e-001
  +9.16367723934e-001-j3.85023187737e-001
  +8.81204052490e-001-j4.56058736463e-001
  +8.40258644831e-001-j5.23928651727e-001
  +7.93789495028e-001-j5.88152190707e-001
  +7.42093894073e-001-j6.48265450518e-001
  +6.85507481653e-001-j7.03823948184e-001
  +6.24403433572e-001-j7.54405204284e-001
  +5.59191689869e-001-j7.99611362637e-001
  +4.90318178959e-001-j8.39071873772e-001
  +4.18264012900e-001-j8.72446270190e-001
  +3.43544635709e-001-j8.99427064226e-001
  +2.66708906991e-001-j9.19742803610e-001
  +1.88338099274e-001-j9.33161325196e-001
  +1.09044780085e-001-j9.39493253310e-001
  +2.94715389286e-002-j9.38595795556e-001
  -4.97104955385e-002-j9.30376895207e-001
  -1.27803422400e-001-j9.14799804795e-001
  -2.04084718943e-001-j8.91888149322e-001
  -2.77809906168e-001-j8.61731548115e-001
  -3.48215900708e-001-j8.24491859675e-001
  -4.14525273385e-001-j7.80410100957e-001
  -4.75951693255e-001-j7.29814067278e-001
  -5.31706904331e-001-j6.73126635911e-001
  -5.81009658885e-001-j6.10874668150e-001
  -6.23097112622e-001-j5.43698322093e-001
  -6.57239265436e-001-j4.72360440601e-001
  -6.82757094069e-001-j3.97755473698e-001
  -6.99045048356e-001-j3.20917120194e-001
  -7.05598539434e-001-j2.43023521030e-001
  -7.02046891409e-001-j1.65398406778e-001
  -6.88191899124e-001-j8.95061107387e-002
  -6.64051564150e-001-j1.69378523822e-002
  -6.29907697439e-001+j5.06137387078e-002
  -5.86354827033e-001+j1.11395105713e-001
  -5.34346232229e-001+j1.63650292186e-001
  -4.75231043733e-001+j2.05699650411e-001
  -4.10774465698e-001+j2.36038993662e-001
  -3.43151762265e-001+j2.53456410507e-001
  -2.74906388157e-001+j2.57159762998e-001
  -2.08864319326e-001+j2.46902958944e-001
  -1.48000915579e-001+j2.23094368151e-001
  -9.52636849838e-002+j1.86867703446e-001
  -5.33633912884e-002+j1.40095993696e-001
  -2.45552298009e-002+j8.53342494324e-002
  -1.04386205649e-002+j2.56862433086e-002
  -1.18058017953e-002-j3.53960105191e-002
  -2.85642247261e-002-j9.43581198290e-002
  -5.97462077494e-002-j1.47802818180e-001
  -1.03604125440e-001-j1.92728377903e-001
  -1.57774703729e-001-j2.26715885319e-001
  -2.19485695461e-001-j2.48046188987e-001
  -2.85774578063e-001-j2.55740977584e-001
  -3.53691887763e-001-j2.49535080318e-001
  -4.20469411861e-001-j2.29795893835e-001
  -4.83642894939e-001-j1.97409714964e-001
  -5.41127645057e-001-j1.53654191566e-001
  -5.91251873431e-001-j1.00072550044e-001
  -6.32756263174e-001-j3.83603911826e-002
  -6.64769446898e-001+j2.97289762254e-002
  -6.86768494106e-001+j1.02458649781e-001
  -6.98531946231e-001+j1.78162456164e-001
  -7.00091026671e-001+j2.55281878458e-001
  -6.91682818136e-001+j3.32388710140e-001
  -6.73707662424e-001+j4.08196653870e-001
  -6.46691872924e-001+j4.81564804531e-001
  -6.11256041986e-001+j5.51495497518e-001
  -5.68088714442e-001+j6.17128496210e-001
  -5.17924912971e-001+j6.77733013826e-001
  -4.61528873112e-001+j7.32698652348e-001
  -3.99680320228e-001+j7.81526007211e-001
  -3.33163655989e-001+j8.23817428573e-001
  -2.62759488920e-001+j8.59268238779e-001
  -1.89238023068e-001+j8.87658568865e-001
  -1.13353899279e-001+j9.08845882882e-001
  -3.58421584014e-002+j9.22758196705e-001
  +4.25849382569e-002+j9.29387959296e-001
  +1.21240439542e-001+j9.28786542161e-001
  +1.99464747747e-001+j9.21059271895e-001
  +2.76627298121e-001+j9.06360937325e-001
  +3.52127967649e-001+j8.84891704190e-001
  +4.25398282065e-001+j8.56893374566e-001
  +4.95902471283e-001+j8.22645934019e-001
  +5.63138408862e-001+j7.82464335944e-001
  +6.26638460126e-001+j7.36695479070e-001
  +6.85970255141e-001+j6.85715340423e-001
  +7.40737396624e-001+j6.29926231849e-001
  +7.90580108307e-001+j5.69754153510e-001
  +8.35175826088e-001+j5.05646222428e-001
  +8.74239732094e-001+j4.38068158283e-001
  +9.07525230368e-001+j3.67501812177e-001
  +9.34824362029e-001+j2.94442727104e-001
  +9.55968157405e-001+j2.19397721371e-001
  +9.70826922558e-001+j1.42882488295e-001
  +9.79310457838e-001+j6.54192071335e-002
  +9.81368206487e-001-j1.24658385067e-002
  +9.76989331815e-001-j9.02446376109e-002
  +9.66202722068e-001-j1.67389826323e-001
  +9.49076922746e-001-j2.43377062131e-001
  +9.25719996762e-001-j3.17687399733e-001
  +8.96279313447e-001-j3.89809671019e-001
  +8.60941267960e-001-j4.59242872317e-001
  +8.19930933110e-001-j5.25498563062e-001
  +7.73511645863e-001-j5.88103281485e-001
  +7.21984530909e-001-j6.46600984657e-001
  +6.65687963433e-001-j7.00555522452e-001
  +6.04996972629e-001-j7.49553157614e-001
  +5.40322586411e-001-j7.93205147247e-001
  +4.72111115978e-001-j8.31150404701e-001
  +4.00843376273e-001-j8.63058264974e-001
  +3.27033834643e-001-j8.88631381547e-001
  +2.51229674809e-001-j9.07608787758e-001
  +1.74009756276e-001-j9.19769161592e-001
  +9.59834399619e-002-j9.24934338747e-001
  +1.77892385879e-002-j9.22973124921e-001
  -5.99067655710e-002-j9.13805463892e-001
  -1.36412813390e-001-j8.97407022557e-001
  -2.11013775816e-001-j8.73814256495e-001
  -2.82974011223e-001-j8.43130018403e-001
  -3.51540949517e-001-j8.05529764641e-001
  -4.15949627833e-001-j7.61268399084e-001
  -4.75428460208e-001-j7.10687764317e-001
  -5.29206589603e-001-j6.54224742262e-001
  -5.76523243292e-001-j5.92419852553e-001
  -6.16639587263e-001-j5.25926128250e-001
  -6.48853643538e-001-j4.55517894686e-001
  -6.72518882006e-001-j3.82098867041e-001
  -6.87067103201e-001-j3.06708705845e-001
  -6.92036158056e-001-j2.30526821268e-001
  -6.87102860477e-001-j1.54871801036e-001
  -6.72121081985e-001-j8.11943755674e-002
  -6.47164410228e-001-j1.10613789439e-002
  -6.12571843027e-001+j5.38721901348e-002
  -5.68993739394e-001+j1.11906009392e-001
  -5.17433680120e-001+j1.61354829759e-001
  -4.59280131100e-001+j2.00628031029e-001
  -3.96320138373e-001+j2.28327944369e-001
  -3.30726193130e-001+j2.43363467565e-001
  -2.65007539087e-001+j2.45071425043e-001
  -2.01919261498e-001+j2.33333544611e-001
  -1.44327018360e-001+j2.08672809274e-001
  -9.50322415102e-002+j1.72310691748e-001
  -5.65711799284e-002+j1.26167891290e-001
  -3.10094408236e-002+j7.27966924356e-002
  -1.97592108470e-002+j1.52428376515e-002
  -2.34467552350e-002-j4.31528184087e-002
  -4.18519210288e-002-j9.89906487709e-002
  -7.39299924903e-002-j1.49056276372e-001
  -1.17912105159e-001-j1.90540290174e-001
  -1.71467309816e-001-j2.21206944393e-001
  -2.31900684881e-001-j2.39495666002e-001
  -2.96359386508e-001-j2.44551799519e-001
  -3.62021885465e-001-j2.36194314952e-001
  -4.26252942536e-001-j2.14835819305e-001
  -4.86715569420e-001-j1.81373319075e-001
  -5.41439093969e-001-j1.37067345394e-001
  -5.88848165045e-001-j8.34236332859e-002
  -6.27760713369e-001-j2.20870424712e-002
  -6.57363847576e-001+j4.52469881848e-002
  -6.77176066170e-001+j1.16901737896e-001
  -6.87002705069e-001+j1.91270036490e-001
  -6.86889782957e-001+j2.66848884486e-001
  -6.77079726850e-001+j3.42260760991e-001
  -6.57971054175e-001+j4.16264600411e-001
  -6.30083020612e-001+j4.87759161369e-001
  -5.94025500218e-001+j5.55781090520e-001
  -5.50473892509e-001+j6.19499518444e-001
  -5.00148585246e-001+j6.78208584277e-001
  -4.43798380631e-001+j7.31318904916e-001
  -3.82187266262e-001+j7.78348695110e-001
  -3.16083942512e-001+j8.18915004755e-001
  -2.46253578308e-001+j8.52725360839e-001
  -1.73451339920e-001+j8.79569972965e-001
  -9.84173113794e-002+j8.99314572285e-001
  -2.18724944382e-002+j9.11893894514e-001
  +5.54843625908e-002+j9.17305780406e-001
  +1.32979305104e-001+j9.15605845317e-001
  +2.09965235726e-001+j9.06902658576e-001
  +2.85823619348e-001+j8.91353369559e-001
  +3.59965919106e-001+j8.69159718280e-001
  +4.31834829885e-001+j8.40564371888e-001
  +5.00905357988e-001+j8.05847533707e-001
  +5.66685781745e-001+j7.65323777302e-001
  +6.28718517227e-001+j7.19339064084e-001
  +6.86580905168e-001+j6.68267908851e-001
  +7.39885929244e-001+j6.12510663064e-001
  +7.88282871455e-001+j5.52490890643e-001
  +8.31457907231e-001+j4.88652815487e-001
  +8.69134640740e-001+j4.21458823760e-001
  +9.01074579441e-001+j3.51387007382e-001
  +9.27077546103e-001+j2.78928737952e-001
  +9.46982026104e-001+j2.04586262754e-001
  +9.60665447754e-001+j1.28870316435e-001
  +9.68044393548e-001+j5.22977435050e-002
  +9.69074740617e-001-j2.46108720027e-002
  +9.63751729106e-001-j1.01333572511e-001
  +9.52109957765e-001-j1.77349390819e-001
  +9.34223306614e-001-j2.52140714040e-001
  +9.10204787161e-001-j3.25195649749e-001
  +8.80206321163e-001-j3.96010396950e-001
  +8.44418449460e-001-j4.64091625221e-001
  +8.03069972730e-001-j5.28958866437e-001
  +7.56427526252e-001-j5.90146924948e-001
  +7.04795090723e-001-j6.47208313843e-001
  +6.48513440845e-001-j6.99715727178e-001
  +5.87959532649e-001-j7.47264560670e-001
  +5.23545829273e-001-j7.89475496488e-001
  +4.55719562911e-001-j8.25997171383e-001
  +3.84961927802e-001-j8.56508951503e-001
  +3.11787195113e-001-j8.80723841897e-001
  +2.36741735041e-001-j8.98391563752e-001
  +1.60402924104e-001-j9.09301837929e-001
  +8.33779058065e-002-j9.13287918956e-001
  +6.30216012284e-003-j9.10230429211e-001
  -7.01621791891e-002-j9.00061547920e-001
  -1.45328341425e-001-j8.82769613178e-001
  -2.18487378317e-001-j8.58404196244e-001
  -2.88911207216e-001-j8.27081704342e-001
  -3.55856419555e-001-j7.88991558707e-001
  -4.18569084304e-001-j7.44402975575e-001
  -4.76290832608e-001-j6.93672344809e-001
  -5.28266573667e-001-j6.37251148351e-001
  -5.73754260571e-001-j5.75694281484e-001
  -6.12037193170e-001-j5.09668525300e-001
  -6.42439403529e-001-j4.39960759045e-001
  -6.64344703097e-001-j3.67485286075e-001
  -6.77219955952e-001-j2.93289368812e-001
  -6.80643046423e-001-j2.18555723517e-001
  -6.74335787574e-001-j1.44600323084e-001
  -6.58201614969e-001-j7.28634230535e-002
  -6.32367268192e-001-j4.89132021700e-003
  -5.97226728310e-001+j5.76939258041e-002
  -5.53484430412e-001+j1.13239579230e-001
  -5.02193248417e-001+j1.60124417089e-001
  -4.44781106218e-001+j1.96839127396e-001
  -3.83058610554e-001+j2.22083918861e-001
  -3.19199308583e-001+j2.34879234321e-001
  -2.55684669398e-001+j2.34681506731e-001
  -1.95208304713e-001+j2.21491645795e-001
  -1.40538674968e-001+j1.95940386061e-001
  -9.43464131019e-002+j1.59333095986e-001
  -5.90104531137e-002+j1.13638471622e-001
  -3.64245299304e-002+j6.14114886313e-002
  -2.78299946076e-002+j5.65069138647e-003
  -3.37002420566e-002-j5.03984391240e-002
  -5.36955905933e-002-j1.03471592703e-001
  -8.66962351595e-002-j1.50516122716e-001
  -1.30907665962e-001-j1.88894324806e-001
  -1.84021203500e-001-j2.16535689406e-001
  -2.43404989830e-001-j2.32024578894e-001
  -3.06299237791e-001-j2.34621498383e-001
  -3.69993247213e-001-j2.24226284993e-001
  -4.31968760572e-001-j2.01298128179e-001
  -4.90002312928e-001-j1.66749769421e-001
  -5.42226379190e-001-j1.21832141487e-001
  -5.87154211686e-001-j6.80223774057e-002
  -6.23676019097e-001-j6.92390650414e-003
  -6.51034894380e-001+j5.98166860764e-002
  -6.68790266787e-001+j1.30574615944e-001
  -6.76775265428e-001+j2.03794509157e-001
  -6.75052746387e-001+j2.78022819249e-001
  -6.63873184106e-001+j3.51927778411e-001
  -6.43636333346e-001+j4.24309669350e-001
  -6.14857586412e-001+j4.94103958645e-001
  -5.78139266526e-001+j5.60379440050e-001
  -5.34146662928e-001+j6.22333103901e-001
  -4.83588367090e-001+j6.79283040022e-001
  -4.27200356618e-001+j7.30660327724e-001
  -3.65733248114e-001+j7.76000578331e-001
  -2.99942167626e-001+j8.14935571633e-001
  -2.30578742747e-001+j8.47185260145e-001
  -1.58384787662e-001+j8.72550294214e-001
  -8.40873212056e-002+j8.90905136881e-001
  -8.39462265162e-003+j9.02191781241e-001
  +6.80069125417e-002+j9.06414047346e-001
  +1.44455305358e-001+j9.03632414725e-001
  +2.20315061237e-001+j8.93959335783e-001
  +2.94978886592e-001+j8.77554971426e-001
  +3.67869139651e-001+j8.54623290693e-001
  +4.38439079683e-001+j8.25408479438e-001
  +5.06173961630e-001+j7.90191607762e-001
  +5.70592009875e-001+j7.49287511373e-001
  +6.31245294732e-001+j7.03041847613e-001
  +6.87720527478e-001+j6.51828292418e-001
  +7.39639784034e-001+j5.96045849559e-001
  +7.86661163110e-001+j5.36116248194e-001
  +8.28479381635e-001+j4.72481408960e-001
  +8.64826308176e-001+j4.05600962457e-001
  +8.95471433653e-001+j3.35949807190e-001
  +9.20222277858e-001+j2.64015696706e-001
  +9.38924729849e-001+j1.90296847934e-001
  +9.51463320230e-001+j1.15299564588e-001
  +9.57761423450e-001+j3.95358709473e-002
  +9.57781388602e-001-j3.64788475272e-002
  +9.51524597622e-001-j1.12228199530e-001
  +9.39031450316e-001-j1.87197141513e-001
  +9.20381276174e-001-j2.60874331712e-001
</dep>
<dep S[2,1] frequency>
  +9.95551679580e-001-j7.92752322096e-002
  +9.85214947086e-001-j1.57926409708e-001
  +9.68523279413e-001-j2.35446472126e-001
  +9.45532277005e-001-j3.11316963640e-001
  +9.16367723934e-001-j3.85023187737e-001
  +8.81204052490e-001-j4.56058736463e-001
  +8.40258644831e-001-j5.23928651727e-001
  +7.93789495028e-001-j5.88152190707e-001
  +7.42093894073e-001-j6.48265450518e-001
  +6.85507481653e-001-j7.03823948184e-001
  +6.24403433572e-001-j7.54405204284e-001
  +5.59191689869e-001-j7.99611362637e-001
  +4.90318178959e-001-j8.39071873772e-001
  +4.18264012900e-001-j8.72446270190e-001
  +3.43544635709e-001-j8.99427064226e-001
  +2.66708906991e-001-j9.19742803610e-001
  +1.88338099274e-001-j9.33161325196e-001
  +1.09044780085e-001-j9.39493253310e-001
  +2.94715389286e-002-j9.38595795556e-001
  -4.97104955385e-002-j9.30376895207e-001
  -1.27803422400e-001-j9.14799804795e-001
  -2.04084718943e-001-j8.91888149322e-001
  -2.77809906168e-001-j8.61731548115e-001
  -3.48215900708e-001-j8.24491859675e-001
  -4.14525273385e-001-j7.80410100957e-001
  -4.75951693255e-001-j7.29814067278e-001
  -5.31706904331e-001-j6.73126635911e-001
  -5.81009658885e-001-j6.10874668150e-001
  -6.23097112622e-001-j5.43698322093e-001
  -6.57239265436e-001-j4.72360440601e-001
  -6.82757094069e-001-j3.97755473698e-001
  -6.99045048356e-001-j3.20917120194e-001
  -7.05598539434e-001-j2.43023521030e-001
  -7.02046891409e-001-j1.65398406778e-001
  -6.88191899124e-001-j8.95061107387e-002
  -6.64051564150e-001-j1.69378523822e-002
  -6.29907697439e-001+j5.06137387078e-002
  -5.86354827033e-001+j1.11395105713e-001
  -5.34346232229e-001+j1.63650292186e-001
  -4.75231043733e-001+j2.05699650411e-001
  -4.10774465698e-001+j2.36038993662e-001
  -3.43151762265e-001+j2.53456410507e-001
  -2.74906388157e-001+j2.57159762998e-001
  -2.08864319326e-001+j2.46902958944e-001
  -1.48000915579e-001+j2.23094368151e-001
  -9.52636849838e-002+j1.86867703446e-001
  -5.33633912884e-002+j1.40095993696e-001
  -2.45552298009e-002+j8.53342494324e-002
  -1.04386205649e-002+j2.56862433086e-002
  -1.18058017953e-002-j3.53960105191e-002
  -2.85642247261e-002-j9.43581198290e-002
  -5.97462077494e-002-j1.47802818180e-001
  -1.03604125440e-001-j1.92728377903e-001
  -1.57774703729e-001-j2.26715885319e-001
  -2.19485695461e-001-j2.48046188987e-001
  -2.85774578063e-001-j2.55740977584e-001
  -3.53691887763e-001-j2.49535080318e-001
  -4.20469411861e-001-j2.29795893835e-001
  -4.83642894939e-001-j1.97409714964e-001
  -5.41127645057e-001-j1.53654191566e-001
  -5.91251873431e-001-j1.00072550044e-001
  -6.32756263174e-001-j3.83603911826e-002
  -6.64769446898e-001+j2.97289762254e-002
  -6.86768494106e-001+j1.02458649781e-001
  -6.98531946231e-001+j1.78162456164e-001
  -7.00091026671e-001+j2.55281878458e-001
  -6.91682818136e-001+j3.32388710140e-001
  -6.73707662424e-001+j4.08196653870e-001
  -6.46691872924e-001+j4.81564804531e-001
  -6.11256041986e-001+j5.51495497518e-001
  -5.68088714442e-001+j6.17128496210e-001
  -5.17924912971e-001+j6.77733013826e-001
  -4.61528873112e-001+j7.32698652348e-001
  -3.99680320228e-001+j7.81526007211e-001
  -3.33163655989e-001+j8.23817428573e-001
  -2.62759488920e-001+j8.59268238779e-001
  -1.89238023068e-001+j8.87658568865e-001
  -1.13353899279e-001+j9.08845882882e-001
  -3.58421584014e-002+j9.22758196705e-001
  +4.25849382569e-002+j9.29387959296e-001
  +1.21240439542e-001+j9.28786542161e-001
  +1.99464747747e-001+j9.21059271895e-001
  +2.76627298121e-001+j9.06360937325e-001
  +3.52127967649e-001+j8.84891704190e-001
  +4.25398282065e-001+j8.56893374566e-001
  +4.95902471283e-001+j8.22645934019e-001
  +5.63138408862e-001+j7.82464335944e-001
  +6.26638460126e-001+j7.36695479070e-001
  +6.85970255141e-001+j6.85715340423e-001
  +7.40737396624e-001+j6.29926231849e-001
  +7.90580108307e-001+j5.69754153510e-001
  +8.35175826088e-001+j5.05646222428e-001
  +8.74239732094e-001+j4.38068158283e-001
  +9.07525230368e-001+j3.67501812177e-001
  +9.34824362029e-001+j2.94442727104e-001
  +9.55968157405e-001+j2.19397721371e-001
  +9.70826922558e-001+j1.42882488295e-001
  +9.79310457838e-001+j6.54192071335e-002
  +9.81368206487e-001-j1.24658385067e-002
  +9.76989331815e-001-j9.02446376109e-002
  +9.66202722068e-001-j1.67389826323e-001
  +9.49076922746e-001-j2.43377062131e-001
  +9.25719996762e-001-j3.17687399733e-001
  +8.96279313447e-001-j3.89809671019e-001
  +8.60941267960e-001-j4.59242872317e-001
  +8.19930933110e-001-j5.25498563062e-001
  +7.73511645863e-001-j5.88103281485e-001
  +7.21984530909e-001-j6.46600984657e-001
  +6.65687963433e-001-j7.00555522452e-001
  +6.04996972629e-001-j7.49553157614e-001
  +5.40322586411e-001-j7.93205147247e-001
  +4.72111115978e-001-j8.31150404701e-001
  +4.00843376273e-001-j8.63058264974e-001
  +3.27033834643e-001-j8.88631381547e-001
  +2.51229674809e-001-j9.07608787758e-001
  +1.74009756276e-001-j9.19769161592e-001
  +9.59834399619e-002-j9.24934338747e-001
  +1.77892385879e-002-j9.22973124921e-001
  -5.99067655710e-002-j9.13805463892e-001
  -1.36412813390e-001-j8.97407022557e-001
  -2.11013775816e-001-j8.73814256495e-001
  -2.82974011223e-001-j8.43130018403e-001
  -3.51540949517e-001-j8.05529764641e-001
  -4.15949627833e-001-j7.61268399084e-001
  -4.75428460208e-001-j7.10687764317e-001
  -5.29206589603e-001-j6.54224742262e-001
  -5.76523243292e-001-j5.92419852553e-001
  -6.16639587263e-001-j5.25926128250e-001
  -6.48853643538e-001-j4.55517894686e-001
  -6.72518882006e-001-j3.82098867041e-001
  -6.87067103201e-001-j3.06708705845e-001
  -6.92036158056e-001-j2.30526821268e-001
  -6.87102860477e-001-j1.54871801036e-001
  -6.72121081985e-001-j8.11943755674e-002
  -6.47164410228e-001-j1.10613789439e-002
  -6.12571843027e-001+j5.38721901348e-002
  -5.68993739394e-001+j1.11906009392e-001
  -5.17433680120e-001+j1.61354829759e-001
  -4.59280131100e-001+j2.00628031029e-001
  -3.96320138373e-001+j2.28327944369e-001
  -3.30726193130e-001+j2.43363467565e-001
  -2.65007539087e-001+j2.45071425043e-001
  -2.01919261498e-001+j2.33333544611e-001
  -1.44327018360e-001+j2.08672809274e-001
  -9.50322415102e-002+j1.72310691748e-001
  -5.65711799284e-002+j1.26167891290e-001
  -3.10094408236e-002+j7.27966924356e-002
  -1.97592108470e-002+j1.52428376515e-002
  -2.34467552350e-002-j4.31528184087e-002
  -4.18519210288e-002-j9.89906487709e-002
  -7.39299924903e-002-j1.49056276372e-001
  -1.17912105159e-001-j1.90540290174e-001
  -1.71467309816e-001-j2.21206944393e-001
  -2.31900684881e-001-j2.39495666002e-001
  -2.96359386508e-001-j2.44551799519e-001
  -3.62021885465e-001-j2.36194314952e-001
  -4.26252942536e-001-j2.14835819305e-001
  -4.86715569420e-001-j1.81373319075e-001
  -5.41439093969e-001-j1.37067345394e-001
  -5.88848165045e-001-j8.34236332859e-002
  -6.27760713369e-001-j2.20870424712e-002
  -6.57363847576e-001+j4.52469881848e-002
  -6.77176066170e-001+j1.16901737896e-001
  -6.87002705069e-001+j1.91270036490e-001
  -6.86889782957e-001+j2.66848884486e-001
  -6.77079726850e-001+j3.42260760991e-001
  -6.57971054175e-001+j4.16264600411e-001
  -6.30083020612e-001+j4.87759161369e-001
  -5.94025500218e-001+j5.55781090520e-001
  -5.50473892509e-001+j6.19499518444e-001
  -5.00148585246e-001+j6.78208584277e-001
  -4.43798380631e-001+j7.31318904916e-001
  -3.82187266262e-001+j7.78348695110e-001
  -3.16083942512e-001+j8.18915004755e-001
  -2.46253578308e-001+j8.52725360839e-001
  -1.73451339920e-001+j8.79569972965e-001
  -9.84173113794e-002+j8.99314572285e-001
  -2.18724944382e-002+j9.11893894514e-001
  +5.54843625908e-002+j9.17305780406e-001
  +1.32979305104e-001+j9.15605845317e-001
  +2.09965235726e-001+j9.06902658576e-001
  +2.85823619348e-001+j8.91353369559e-001
  +3.59965919106e-001+j8.69159718280e-001
  +4.31834829885e-001+j8.40564371888e-001
  +5.00905357988e-001+j8.05847533707e-001
  +5.66685781745e-001+j7.65323777302e-001
  +6.28718517227e-001+j7.19339064084e-001
  +6.86580905168e-001+j6.68267908851e-001
  +7.39885929244e-001+j6.12510663064e-001
  +7.88282871455e-001+j5.52490890643e-001
  +8.31457907231e-001+j4.88652815487e-001
  +8.69134640740e-001+j4.21458823760e-001
  +9.01074579441e-001+j3.51387007382e-001
  +9.27077546103e-001+j2.78928737952e-001
  +9.46982026104e-001+j2.04586262754e-001
  +9.60665447754e-001+j1.28870316435e-001
  +9.68044393548e-001+j5.22977435050e-002
  +9.69074740617e-001-j2.46108720027e-002
  +9.63751729106e-001-j1.01333572511e-001
  +9.52109957765e-001-j1.77349390819e-001
  +9.34223306614e-001-j2.52140714040e-001
  +9.10204787161e-001-j3.25195649749e-001
  +8.80206321163e-001-j3.96010396950e-001
  +8.44418449460e-001-j4.64091625221e-001
  +8.03069972730e-001-j5.28958866437e-001
  +7.56427526252e-001-j5.90146924948e-001
  +7.04795090723e-001-j6.47208313843e-001
  +6.48513440845e-001-j6.99715727178e-001
  +5.87959532649e-001-j7.47264560670e-001
  +5.23545829273e-001-j7.89475496488e-001
  +4.55719562911e-001-j8.25997171383e-001
  +3.84961927802e-001-j8.56508951503e-001
  +3.11787195113e-001-j8.80723841897e-001
  +2.36741735041e-001-j8.98391563752e-001
  +1.60402924104e-001-j9.09301837929e-001
  +8.33779058065e-002-j9.13287918956e-001
  +6.30216012284e-003-j9.10230429211e-001
  -7.01621791891e-002-j9.00061547920e-001
  -1.45328341425e-001-j8.82769613178e-001
  -2.18487378317e-001-j8.58404196244e-001
  -2.88911207216e-001-j8.27081704342e-001
  -3.55856419555e-001-j7.88991558707e-001
  -4.18569084304e-001-j7.44402975575e-001
  -4.76290832608e-001-j6.93672344809e-001
  -5.28266573667e-001-j6.37251148351e-001
  -5.73754260571e-001-j5.75694281484e-001
  -6.12037193170e-001-j5.09668525300e-001
  -6.42439403529e-001-j4.39960759045e-001
  -6.64344703097e-001-j3.67485286075e-001
  -6.77219955952e-001-j2.93289368812e-001
  -6.80643046423e-001-j2.18555723517e-001
  -6.74335787574e-001-j1.44600323084e-001
  -6.58201614969e-001-j7.28634230535e-002
  -6.32367268192e-001-j4.89132021700e-003
  -5.97226728310e-001+j5.76939258041e-002
  -5.53484430412e-001+j1.13239579230e-001
  -5.02193248417e-001+j1.60124417089e-001
  -4.44781106218e-001+j1.96839127396e-001
  -3.83058610554e-001+j2.22083918861e-001
  -3.19199308583e-001+j2.34879234321e-001
  -2.55684669398e-001+j2.34681506731e-001
  -1.95208304713e-001+j2.21491645795e-001
  -1.40538674968e-001+j1.95940386061e-001
  -9.43464131019e-002+j1.59333095986e-001
  -5.90104531137e-002+j1.13638471622e-001
  -3.64245299304e-002+j6.14114886313e-002
  -2.78299946076e-002+j5.65069138647e-003
  -3.37002420566e-002-j5.03984391240e-002
  -5.36955905933e-002-j1.03471592703e-001
  -8.66962351595e-002-j1.50516122716e-001
  -1.30907665962e-001-j1.88894324806e-001
  -1.84021203500e-001-j2.16535689406e-001
  -2.43404989830e-001-j2.32024578894e-001
  -3.06299237791e-001-j2.34621498383e-001
  -3.69993247213e-001-j2.24226284993e-001
  -4.31968760572e-001-j2.01298128179e-001
  -4.90002312928e-001-j1.66749769421e-001
  -5.42226379190e-001-j1.21832141487e-001
  -5.87154211686e-001-j6.80223774057e-002
  -6.23676019097e-001-j6.92390650414e-003
  -6.51034894380e-001+j5.98166860764e-002
  -6.68790266787e-001+j1.30574615944e-001
  -6.76775265428e-001+j2.03794509157e-001
  -6.75052746387e-001+j2.78022819249e-001
  -6.63873184106e-001+j3.51927778411e-001
  -6.43636333346e-001+j4.24309669350e-001
  -6.14857586412e-001+j4.94103958645e-001
  -5.78139266526e-001+j5.60379440050e-001
  -5.34146662928e-001+j6.22333103901e-001
  -4.83588367090e-001+j6.79283040022e-001
  -4.27200356618e-001+j7.30660327724e-001
  -3.65733248114e-001+j7.76000578331e-001
  -2.99942167626e-001+j8.14935571633e-001
  -2.30578742747e-001+j8.47185260145e-001
  -1.58384787662e-001+j8.72550294214e-001
  -8.40873212056e-002+j8.90905136881e-001
  -8.39462265162e-003+j9.02191781241e-001
  +6.80069125417e-002+j9.06414047346e-001
  +1.44455305358e-001+j9.03632414725e-001
  +2.20315061237e-001+j8.93959335783e-001
  +2.94978886592e-001+j8.77554971426e-001
  +3.67869139651e-001+j8.54623290693e-001
  +4.38439079683e-001+j8.25408479438e-001
  +5.06173961630e-001+j7.90191607762e-001
  +5.70592009875e-001+j7.49287511373e-001
  +6.31245294732e-001+j7.03041847613e-001
  +6.87720527478e-001+j6.51828292418e-001
  +7.39639784034e-001+j5.96045849559e-001
  +7.86661163110e-001+j5.36116248194e-001
  +8.28479381635e-001+j4.72481408960e-001
  +8.64826308176e-001+j4.05600962457e-001
  +8.95471433653e-001+j3.35949807190e-001
  +9.20222277858e-001+j2.64015696706e-001
  +9.38924729849e-001+j1.90296847934e-001
  +9.51463320230e-001+j1.15299564588e-001
  +9.57761423450e-001+j3.95358709473e-002
  +9.57781388602e-001-j3.64788475272e-002
  +9.51524597622e-001-j1.12228199530e-001
  +9.39031450316e-001-j1.87197141513e-001
  +9.20381276174e-001-j2.60874331712e-001
</dep>
<dep S[2,2] frequency>
  -1.49372671460e-003-j1.58080989829e-002
  -5.36325119670e-003-j3.13024084001e-002
  -1.16755962302e-002-j4.62147136221e-002
  -2.03779626288e-002-j6.02734228877e-002
  -3.13878523817e-002-j7.32098308530e-002
  -4.45972724163e-002-j8.47603209334e-002
  -5.98738039377e-002-j9.46680685375e-002
  -7.70610063828e-002-j1.02684624689e-001
  -9.59786140694e-002-j1.08571485674e-001
  -1.16422652661e-001-j1.12101694740e-001
  -1.38165520044e-001-j1.13061505219e-001
  -1.60956050812e-001-j1.11252130152e-001
  -1.84519575368e-001-j1.06491603911e-001
  -2.08557983062e-001-j9.86167838958e-002
  -2.32749800516e-001-j8.74855242886e-002
  -2.56750300323e-001-j7.29790586940e-002
  -2.80191661665e-001-j5.50046340446e-002
  -3.02683213089e-001-j3.34984442092e-002
  -3.23811799522e-001-j8.42891805590e-003
  -3.43142330981e-001+j2.01995771302e-002
  -3.60218590454e-001+j5.23425506226e-002
  -3.74564403898e-001+j8.79106517843e-002
  -3.85685307514e-001+j1.26764311923e-001
  -3.93070887480e-001+j1.68707699141e-001
  -3.96198016325e-001+j2.13481934009e-001
  -3.94535268791e-001+j2.60757539370e-001
  -3.87548868442e-001+j3.10126140996e-001
  -3.74710593046e-001+j3.61091504322e-001
  -3.55508148069e-001+j4.13060095305e-001
  -3.29458596138e-001+j4.65331501476e-001
  -2.96125492788e-001+j5.17089254736e-001
  -2.55140404212e-001+j5.67392872143e-001
  -2.06229439308e-001+j6.15172283527e-001
  -1.49245271342e-001+j6.59226245018e-001
  -8.42047956353e-002+j6.98226828858e-001
  -1.13319989836e-002+j7.30732586759e-001
  +6.88952672440e-002+j7.55213418911e-001
  +1.55697168616e-001+j7.70090398415e-001
  +2.47946599173e-001+j7.73793591728e-001
  +3.44132780480e-001+j7.64840014014e-001
  +4.42341689459e-001+j7.41931985578e-001
  +5.40262669804e-001+j7.04073110784e-001
  +6.35230845010e-001+j6.50694904647e-001
  +7.24313274848e-001+j5.81782160843e-001
  +8.04442521390e-001+j4.97980434671e-001
  +8.72594253088e-001+j4.00665965554e-001
  +9.25996444179e-001+j2.91958670176e-001
  +9.62348442763e-001+j1.74663810811e-001
  +9.80021357733e-001+j5.21377651090e-002
  +9.78209580885e-001-j7.19135144876e-002
  +9.57008442606e-001-j1.93681389326e-001
  +9.17404543067e-001-j3.09515064568e-001
  +8.61180483403e-001-j4.16161025258e-001
  +7.90750425938e-001-j5.10951327391e-001
  +7.08953209848e-001-j5.91921550660e-001
  +6.18833381346e-001-j6.57852865476e-001
  +5.23437525108e-001-j7.08245303129e-001
  +4.25645676762e-001-j7.43238129164e-001
  +3.28048162183e-001-j7.63497095503e-001
  +2.32869479384e-001-j7.70087779858e-001
  +1.41934391586e-001-j7.64350667422e-001
  +5.66677381831e-002-j7.47788763062e-001
  -2.18817136629e-002-j7.21973700190e-001
  -9.30024750469e-002-j6.88472357360e-001
  -1.56274133874e-001-j6.48793219415e-001
  -2.11519370216e-001-j6.04350084060e-001
  -2.58757977534e-001-j5.56439989290e-001
  -2.98165141461e-001-j5.06232141206e-001
  -3.30035062891e-001-j4.54764900657e-001
  -3.54750203830e-001-j4.02948345800e-001
  -3.72755923509e-001-j3.51570435032e-001
  -3.84539986548e-001-j3.01305273665e-001
  -3.90616297011e-001-j2.52722400515e-001
  -3.91512186624e-001-j2.06296344810e-001
  -3.87758620631e-001-j1.62415961952e-001
  -3.79882751717e-001-j1.21393248166e-001
  -3.68402331926e-001-j8.34714710315e-002
  -3.53821572937e-001-j4.88325473064e-002
  -3.36628119885e-001-j1.76036617495e-002
  -3.17290869994e-001+j1.01368403356e-002
  -2.96258423661e-001+j3.43542316672e-002
  -2.73958002425e-001+j5.50527863616e-002
  -2.50794706404e-001+j7.22716982134e-002
  -2.27151014373e-001+j8.60814651438e-002
  -2.03386453845e-001+j9.65806751115e-002
  -1.79837387456e-001+j1.03893134343e-001
  -1.56816876619e-001+j1.08165284972e-001
  -1.34614594614e-001+j1.09563865516e-001
  -1.13496769834e-001+j1.08273773695e-001
  -9.37061462277e-002+j1.04496096758e-001
  -7.54619527408e-002+j9.84462795872e-002
  -5.89598769188e-002+j9.03524053614e-002
  -4.43720402893e-002+j8.04535675276e-002
  -3.18469747688e-002+j6.89983152242e-002
  -2.15096004136e-002+j5.62431571760e-002
  -1.34612054590e-002+j4.24511114982e-002
  -7.77942988666e-003+j2.78902908185e-002
  -4.51825380681e-003+j1.28325137023e-002
  -3.70799181505e-003-j2.44806541589e-003
  -5.35529423232e-003-j1.76763147263e-002
  -9.44315580424e-003-j3.25774783324e-002
  -1.59309320648e-002-j4.68785304635e-002
  -2.47543631900e-002-j6.03095367879e-002
  -3.58256048149e-002-j7.26050293621e-002
  -4.90332649983e-002-j8.35054024084e-002
  -6.42424463307e-002-j9.27583371017e-002
  -8.12947921477e-002-j1.00120264868e-001
  -1.00008535979e-001-j1.05357880389e-001
  -1.20178553825e-001-j1.08249717609e-001
  -1.41576419685e-001-j1.08587804543e-001
  -1.63950466084e-001-j1.06179415709e-001
  -1.87025853361e-001-j1.00848944470e-001
  -2.10504654278e-001-j9.24399216264e-002
  -2.34065964479e-001-j8.08172111368e-002
  -2.57366054680e-001-j6.58694189342e-002
  -2.80038587643e-001-j4.75115563136e-002
  -3.01694932473e-001-j2.56880051860e-002
  -3.21924621194e-001-j3.75838331149e-004
  -3.40296008611e-001+j2.84114467899e-002
  -3.56357216995e-001+j6.06197177692e-002
  -3.69637473198e-001+j9.61494554543e-002
  -3.79648978337e-001+j1.34850397023e-001
  -3.85889490342e-001+j1.76515517687e-001
  -3.87845848267e-001+j2.20874311082e-001
  -3.84998724828e-001+j2.67585357824e-001
  -3.76828959662e-001+j3.16228219900e-001
  -3.62825898419e-001+j3.66294772631e-001
  -3.42498237448e-001+j4.17180194890e-001
  -3.15387942062e-001+j4.68173992357e-001
  -2.81087853996e-001+j5.18451639007e-001
  -2.39263608475e-001+j5.67067698711e-001
  -1.89680410807e-001+j6.12951637405e-001
  -1.32235032154e-001+j6.54907952542e-001
  -6.69930174288e-002+j6.91622708048e-001
  +5.76950931697e-003+j7.21679018171e-001
  +8.55209668947e-002+j7.43584378360e-001
  +1.71429141668e-001+j7.55812847587e-001
  +2.62320059187e-001+j7.56864738556e-001
  +3.56647006654e-001+j7.45345421774e-001
  +4.52477474512e-001+j7.20062854513e-001
  +5.47506876294e-001+j6.80140363758e-001
  +6.39107772027e-001+j6.25137138560e-001
  +7.24421253769e-001+j5.55164307219e-001
  +8.00492630804e-001+j4.70980361326e-001
  +8.64446585167e-001+j3.74047438015e-001
  +9.13688423706e-001+j2.66531083893e-001
  +9.46109769971e-001+j1.51231624196e-001
  +9.60271512620e-001+j3.14450331374e-002
  +9.55536411888e-001-j8.92364227768e-002
  +9.32129637557e-001-j2.07161540129e-001
  +8.91116890142e-001-j3.18865216804e-001
  +8.34303898967e-001-j4.21289180445e-001
  +7.64074206218e-001-j5.11951692312e-001
  +6.83190839101e-001-j5.89050047634e-001
  +5.94589981677e-001-j6.51492297455e-001
  +5.01191398471e-001-j6.98865913928e-001
  +4.05743059463e-001-j7.31358735570e-001
  +3.10708721128e-001-j7.49650636167e-001
  +2.18199346541e-001-j7.54793525302e-001
  +1.29943531358e-001-j7.48093868481e-001
  +4.72889215916e-002-j7.31007410870e-001
  -2.87743534811e-002-j7.05051393516e-001
  -9.75766112928e-002-j6.71735973674e-001
  -1.58724825593e-001-j6.32514062706e-001
  -2.12057274839e-001-j5.88747326612e-001
  -2.57600108513e-001-j5.41685446445e-001
  -2.95527904280e-001-j4.92455655299e-001
  -3.26129221683e-001-j4.42059826442e-001
  -3.49777415227e-001-j3.91376808038e-001
  -3.66906497781e-001-j3.41168165715e-001
  -3.77991579143e-001-j2.92085934923e-001
  -3.83533283562e-001-j2.44681366177e-001
  -3.84045523534e-001-j1.99413955981e-001
  -3.80046037504e-001-j1.56660296556e-001
  -3.72049159363e-001-j1.16722456545e-001
  -3.60560360249e-001-j7.98357337237e-002
  -3.46072177194e-001-j4.61757100410e-002
  -3.29061212434e-001-j1.58645987628e-002
  -3.09985948726e-001+j1.10230889502e-002
  -2.89285178655e-001+j3.44555087287e-002
  -2.67376889917e-001+j5.44390184337e-002
  -2.44657484457e-001+j7.10142198272e-002
  -2.21501238316e-001+j8.42524425629e-002
  -1.98259932002e-001+j9.42526100013e-002
  -1.75262599249e-001+j1.01138431308e-001
  -1.52815356046e-001+j1.05055869963e-001
  -1.31201282614e-001+j1.06170844642e-001
  -1.10680339176e-001+j1.04667124061e-001
  -9.14893025797e-002+j1.00744382659e-001
  -7.38417153716e-002+j9.46163887721e-002
  -5.79278422614e-002+j8.65093011927e-002
  -4.39146313020e-002+j7.66600537589e-002
  -3.19456787304e-002+j6.53148108003e-002
  -2.21411974887e-002+j5.27274790105e-002
  -1.45979900871e-002+j3.91582635913e-002
  -9.38942678228e-003+j2.48722583746e-002
  -6.56543012832e-003+j1.01380611195e-002
  -6.15246685789e-003-j4.77359368707e-003
  -8.15354783891e-003-j1.95911913890e-002
  -1.25482365598e-002-j3.40437894475e-002
  -1.92926662689e-002-j4.78623716247e-002
  -2.83195655627e-002-j6.07812103359e-002
  -3.95382919193e-002-j7.25392438314e-002
  -5.28348724472e-002-j8.28814755707e-002
  -6.80720509990e-002-j9.15604041657e-002
  -8.50893408504e-002-j9.83374936237e-002
  -1.03703082411e-001-j1.02984695336e-001
  -1.23706506004e-001-j1.05286035363e-001
  -1.44869800728e-001-j1.05039283096e-001
  -1.66940191903e-001-j1.02057720361e-001
  -1.89642031794e-001-j9.61720334838e-002
  -2.12676911360e-001-j8.72323548107e-002
  -2.35723805022e-001-j7.51104846096e-002
  -2.58439266081e-001-j5.97023292050e-002
  -2.80457698020e-001-j4.09305964464e-002
  -3.01391736818e-001-j1.87477950613e-002
  -3.20832792290e-001+j6.86041024328e-003
  -3.38351813054e-001+j3.58714313672e-002
  -3.53500360811e-001+j6.82215172064e-002
  -3.65812106142e-001+j1.03800981127e-001
  -3.74804890978e-001+j1.42448838098e-001
  -3.79983543183e-001+j1.83946803776e-001
  -3.80843676976e-001+j2.28012627144e-001
  -3.76876769455e-001+j2.74292761578e-001
  -3.67576867311e-001+j3.22354431928e-001
  -3.52449346581e-001+j3.71677234744e-001
  -3.31022216519e-001+j4.21644523552e-001
  -3.02860517227e-001+j4.71534991100e-001
  -2.67584394116e-001+j5.20515075691e-001
  -2.24891417507e-001+j5.67633097292e-001
  -1.74583619526e-001+j6.11816373966e-001
  -1.16599498505e-001+j6.51872971976e-001
  -5.10508389914e-002+j6.86500176198e-001
  +2.17364466727e-002+j7.14302173511e-001
  +1.01179183602e-001+j7.33819721043e-001
  +1.86394484100e-001+j7.43574572975e-001
  +2.76162481598e-001+j7.42130962621e-001
  +3.68900391836e-001+j7.28175249553e-001
  +4.62655503211e-001+j7.00612737156e-001
  +5.55125490773e-001+j6.58677555981e-001
  +6.43713952370e-001+j6.02047555125e-001
  +7.25626649600e-001+j5.30951893178e-001
  +7.98009205495e-001+j4.46255463227e-001
  +8.58120125042e-001+j3.49502755113e-001
  +9.03524950068e-001+j2.42905582454e-001
  +9.32289980815e-001+j1.29265052031e-001
  +9.43149619306e-001+j1.18278582626e-002
  +9.35622036681e-001-j1.05911351476e-001
  +9.10054324834e-001-j2.20439090779e-001
  +8.67589510379e-001-j3.28454533355e-001
  +8.10061039354e-001-j4.27073793900e-001
  +7.39832082090e-001-j5.13983174535e-001
  +6.59604319049e-001-j5.87527823595e-001
  +5.72222406830e-001-j6.46733971847e-001
  +4.80496616468e-001-j6.91273067062e-001
  +3.87059072981e-001-j7.21382715696e-001
  +2.94260942968e-001-j7.37761776304e-001
  +2.04110769085e-001-j7.41455861237e-001
  +1.18249060540e-001-j7.33746173349e-001
  +3.79514908501e-002-j7.16050391673e-001
  -3.58477022274e-002-j6.89840279333e-001
  -1.02519886977e-001-j6.56577431110e-001
  -1.61700162765e-001-j6.17666320760e-001
  -2.13244188753e-001-j5.74422491265e-001
  -2.57186913762e-001-j5.28053158729e-001
  -2.93705110212e-001-j4.79647441179e-001
  -3.23084633278e-001-j4.30173669417e-001
  -3.45692642512e-001-j3.80481629721e-001
  -3.61954587761e-001-j3.31308020652e-001
  -3.72335514905e-001-j2.83283815297e-001
  -3.77325134093e-001-j2.36942574268e-001
  -3.77426067753e-001-j1.92729043236e-001
  -3.73144722992e-001-j1.51007593029e-001
  -3.64984288401e-001-j1.12070228119e-001
  -3.53439422499e-001-j7.61440104241e-002
  -3.38992269827e-001-j4.33978297271e-002
  -3.22109505391e-001-j1.39485084435e-002
  -3.03240165680e-001+j1.21337355746e-002
  -2.82814073990e-001+j3.48204232921e-002
  -2.61240709186e-001+j5.41204898420e-002
  -2.38908400992e-001+j7.00764408286e-002
  -2.16183762314e-001+j8.27609296871e-002
  -1.93411290981e-001+j9.22736991703e-002
  -1.70913090442e-001+j9.87388345268e-002
  -1.48988672393e-001+j1.02302281148e-001
  -1.27914814653e-001+j1.03129584879e-001
  -1.07945455459e-001+j1.01403818446e-001
  -8.93116113464e-002+j9.73236624297e-002
  -7.22213101826e-002+j9.11016136739e-002
  -5.68595341648e-002+j8.29622980655e-002
  -4.33881699186e-002+j7.31408681399e-002
  -3.19459644321e-002+j6.18814689961e-002
  -2.26484866192e-002+j4.94357585961e-002
  -1.55880949513e-002+j3.60614706835e-002
  -1.08339119258e-002+j2.20210103147e-002
  -8.43180623792e-003+j7.58007340108e-003
  -8.40438345266e-003-j6.99371728182e-003
  -1.07509857893e-002-j2.14321664165e-002
  -1.54477013747e-002-j3.54678571574e-002
  -2.24473830330e-002-j4.88355050464e-002
</dep>
