<Qucs Dataset 0.0.18>
<indep frequency 300>
  +1.00000000000e+006
  +2.00000000000e+006
  +3.00000000000e+006
  +4.00000000000e+006
  +5.00000000000e+006
  +6.00000000000e+006
  +7.00000000000e+006
  +8.00000000000e+006
  +9.00000000000e+006
  +1.00000000000e+007
  +1.10000000000e+007
  +1.20000000000e+007
  +1.30000000000e+007
  +1.40000000000e+007
  +1.50000000000e+007
  +1.60000000000e+007
  +1.70000000000e+007
  +1.80000000000e+007
  +1.90000000000e+007
  +2.00000000000e+007
  +2.10000000000e+007
  +2.20000000000e+007
  +2.30000000000e+007
  +2.40000000000e+007
  +2.50000000000e+007
  +2.60000000000e+007
  +2.70000000000e+007
  +2.80000000000e+007
  +2.90000000000e+007
  +3.00000000000e+007
  +3.10000000000e+007
  +3.20000000000e+007
  +3.30000000000e+007
  +3.40000000000e+007
  +3.50000000000e+007
  +3.60000000000e+007
  +3.70000000000e+007
  +3.80000000000e+007
  +3.90000000000e+007
  +4.00000000000e+007
  +4.10000000000e+007
  +4.20000000000e+007
  +4.30000000000e+007
  +4.40000000000e+007
  +4.50000000000e+007
  +4.60000000000e+007
  +4.70000000000e+007
  +4.80000000000e+007
  +4.90000000000e+007
  +5.00000000000e+007
  +5.10000000000e+007
  +5.20000000000e+007
  +5.30000000000e+007
  +5.40000000000e+007
  +5.50000000000e+007
  +5.60000000000e+007
  +5.70000000000e+007
  +5.80000000000e+007
  +5.90000000000e+007
  +6.00000000000e+007
  +6.10000000000e+007
  +6.20000000000e+007
  +6.30000000000e+007
  +6.40000000000e+007
  +6.50000000000e+007
  +6.60000000000e+007
  +6.70000000000e+007
  +6.80000000000e+007
  +6.90000000000e+007
  +7.00000000000e+007
  +7.10000000000e+007
  +7.20000000000e+007
  +7.30000000000e+007
  +7.40000000000e+007
  +7.50000000000e+007
  +7.60000000000e+007
  +7.70000000000e+007
  +7.80000000000e+007
  +7.90000000000e+007
  +8.00000000000e+007
  +8.10000000000e+007
  +8.20000000000e+007
  +8.30000000000e+007
  +8.40000000000e+007
  +8.50000000000e+007
  +8.60000000000e+007
  +8.70000000000e+007
  +8.80000000000e+007
  +8.90000000000e+007
  +9.00000000000e+007
  +9.10000000000e+007
  +9.20000000000e+007
  +9.30000000000e+007
  +9.40000000000e+007
  +9.50000000000e+007
  +9.60000000000e+007
  +9.70000000000e+007
  +9.80000000000e+007
  +9.90000000000e+007
  +1.00000000000e+008
  +1.01000000000e+008
  +1.02000000000e+008
  +1.03000000000e+008
  +1.04000000000e+008
  +1.05000000000e+008
  +1.06000000000e+008
  +1.07000000000e+008
  +1.08000000000e+008
  +1.09000000000e+008
  +1.10000000000e+008
  +1.11000000000e+008
  +1.12000000000e+008
  +1.13000000000e+008
  +1.14000000000e+008
  +1.15000000000e+008
  +1.16000000000e+008
  +1.17000000000e+008
  +1.18000000000e+008
  +1.19000000000e+008
  +1.20000000000e+008
  +1.21000000000e+008
  +1.22000000000e+008
  +1.23000000000e+008
  +1.24000000000e+008
  +1.25000000000e+008
  +1.26000000000e+008
  +1.27000000000e+008
  +1.28000000000e+008
  +1.29000000000e+008
  +1.30000000000e+008
  +1.31000000000e+008
  +1.32000000000e+008
  +1.33000000000e+008
  +1.34000000000e+008
  +1.35000000000e+008
  +1.36000000000e+008
  +1.37000000000e+008
  +1.38000000000e+008
  +1.39000000000e+008
  +1.40000000000e+008
  +1.41000000000e+008
  +1.42000000000e+008
  +1.43000000000e+008
  +1.44000000000e+008
  +1.45000000000e+008
  +1.46000000000e+008
  +1.47000000000e+008
  +1.48000000000e+008
  +1.49000000000e+008
  +1.50000000000e+008
  +1.51000000000e+008
  +1.52000000000e+008
  +1.53000000000e+008
  +1.54000000000e+008
  +1.55000000000e+008
  +1.56000000000e+008
  +1.57000000000e+008
  +1.58000000000e+008
  +1.59000000000e+008
  +1.60000000000e+008
  +1.61000000000e+008
  +1.62000000000e+008
  +1.63000000000e+008
  +1.64000000000e+008
  +1.65000000000e+008
  +1.66000000000e+008
  +1.67000000000e+008
  +1.68000000000e+008
  +1.69000000000e+008
  +1.70000000000e+008
  +1.71000000000e+008
  +1.72000000000e+008
  +1.73000000000e+008
  +1.74000000000e+008
  +1.75000000000e+008
  +1.76000000000e+008
  +1.77000000000e+008
  +1.78000000000e+008
  +1.79000000000e+008
  +1.80000000000e+008
  +1.81000000000e+008
  +1.82000000000e+008
  +1.83000000000e+008
  +1.84000000000e+008
  +1.85000000000e+008
  +1.86000000000e+008
  +1.87000000000e+008
  +1.88000000000e+008
  +1.89000000000e+008
  +1.90000000000e+008
  +1.91000000000e+008
  +1.92000000000e+008
  +1.93000000000e+008
  +1.94000000000e+008
  +1.95000000000e+008
  +1.96000000000e+008
  +1.97000000000e+008
  +1.98000000000e+008
  +1.99000000000e+008
  +2.00000000000e+008
  +2.01000000000e+008
  +2.02000000000e+008
  +2.03000000000e+008
  +2.04000000000e+008
  +2.05000000000e+008
  +2.06000000000e+008
  +2.07000000000e+008
  +2.08000000000e+008
  +2.09000000000e+008
  +2.10000000000e+008
  +2.11000000000e+008
  +2.12000000000e+008
  +2.13000000000e+008
  +2.14000000000e+008
  +2.15000000000e+008
  +2.16000000000e+008
  +2.17000000000e+008
  +2.18000000000e+008
  +2.19000000000e+008
  +2.20000000000e+008
  +2.21000000000e+008
  +2.22000000000e+008
  +2.23000000000e+008
  +2.24000000000e+008
  +2.25000000000e+008
  +2.26000000000e+008
  +2.27000000000e+008
  +2.28000000000e+008
  +2.29000000000e+008
  +2.30000000000e+008
  +2.31000000000e+008
  +2.32000000000e+008
  +2.33000000000e+008
  +2.34000000000e+008
  +2.35000000000e+008
  +2.36000000000e+008
  +2.37000000000e+008
  +2.38000000000e+008
  +2.39000000000e+008
  +2.40000000000e+008
  +2.41000000000e+008
  +2.42000000000e+008
  +2.43000000000e+008
  +2.44000000000e+008
  +2.45000000000e+008
  +2.46000000000e+008
  +2.47000000000e+008
  +2.48000000000e+008
  +2.49000000000e+008
  +2.50000000000e+008
  +2.51000000000e+008
  +2.52000000000e+008
  +2.53000000000e+008
  +2.54000000000e+008
  +2.55000000000e+008
  +2.56000000000e+008
  +2.57000000000e+008
  +2.58000000000e+008
  +2.59000000000e+008
  +2.60000000000e+008
  +2.61000000000e+008
  +2.62000000000e+008
  +2.63000000000e+008
  +2.64000000000e+008
  +2.65000000000e+008
  +2.66000000000e+008
  +2.67000000000e+008
  +2.68000000000e+008
  +2.69000000000e+008
  +2.70000000000e+008
  +2.71000000000e+008
  +2.72000000000e+008
  +2.73000000000e+008
  +2.74000000000e+008
  +2.75000000000e+008
  +2.76000000000e+008
  +2.77000000000e+008
  +2.78000000000e+008
  +2.79000000000e+008
  +2.80000000000e+008
  +2.81000000000e+008
  +2.82000000000e+008
  +2.83000000000e+008
  +2.84000000000e+008
  +2.85000000000e+008
  +2.86000000000e+008
  +2.87000000000e+008
  +2.88000000000e+008
  +2.89000000000e+008
  +2.90000000000e+008
  +2.91000000000e+008
  +2.92000000000e+008
  +2.93000000000e+008
  +2.94000000000e+008
  +2.95000000000e+008
  +2.96000000000e+008
  +2.97000000000e+008
  +2.98000000000e+008
  +2.99000000000e+008
  +3.00000000000e+008
</indep>
<dep phaseS21 frequency>
  +7.82691011778e+001
  +6.77919690216e+001
  +5.75046485631e+001
  +4.75942168927e+001
  +3.81374728822e+001
  +2.91581628517e+001
  +2.06464096553e+001
  +1.25721680191e+001
  +4.89511176676e+000
  -2.42866431638e+000
  -9.44253814654e+000
  -1.61871288721e+001
  -2.26992941484e+001
  -2.90118685987e+001
  -3.51538129634e+001
  -4.11505663028e+001
  -4.70244788327e+001
  -5.27952578119e+001
  -5.84803923767e+001
  -6.40955427672e+001
  -6.96548903190e+001
  -7.51714503935e+001
  -8.06573532782e+001
  -8.61240993305e+001
  -9.15827950396e+001
  -9.70443767078e+001
  -1.02519828321e+002
  -1.08020400038e+002
  -1.13557833586e+002
  -1.19144600662e+002
  -1.24794160129e+002
  -1.30521238990e+002
  -1.36342140548e+002
  -1.42275079843e+002
  -1.48340540273e+002
  -1.54561633867e+002
  -1.60964427533e+002
  -1.67578162711e+002
  -1.74435237117e+002
  +1.78429279976e+002
  +1.70978985476e+002
  +1.63178977215e+002
  +1.55001269316e+002
  +1.46434747327e+002
  +1.37503931135e+002
  +1.28309209256e+002
  +1.19142554767e+002
  +1.11041164360e+002
  +1.13609674081e+002
  -1.10504584829e+002
  -1.12369057887e+002
  -1.20790225998e+002
  -1.29983397494e+002
  -1.39131941510e+002
  -1.47991715957e+002
  -1.56479984182e+002
  -1.64580424889e+002
  -1.72308122544e+002
  -1.79692793275e+002
  +1.73230169135e+002
  +1.66424536312e+002
  +1.59855742936e+002
  +1.53492029093e+002
  +1.47304816207e+002
  +1.41268668656e+002
  +1.35361047964e+002
  +1.29561977617e+002
  +1.23853683112e+002
  +1.18220240303e+002
  +1.12647246964e+002
  +1.07121522298e+002
  +1.01630833634e+002
  +9.61636466990e+001
  +9.07088945009e+001
  +8.52557592872e+001
  +7.97934618570e+001
  +7.43110525043e+001
  +6.87971979561e+001
  +6.32399588567e+001
  +5.76265527150e+001
  +5.19430980118e+001
  +4.61743367307e+001
  +4.03033356243e+001
  +3.43111722254e+001
  +2.81766219200e+001
  +2.18758805955e+001
  +1.53823888808e+001
  +8.66687768988e+000
  +1.69784529378e+000
  -5.55717182558e+000
  -1.31289130610e+001
  -2.10412058152e+001
  -2.93012399105e+001
  -3.78808800353e+001
  -4.66768187816e+001
  -5.54043866606e+001
  -6.31844360909e+001
  -6.54174289276e+001
  +3.24430331993e+001
  +6.60072309926e+001
  +6.07337639257e+001
  +5.24809303881e+001
  +4.36927604474e+001
  +3.49612267049e+001
  +2.64914987424e+001
  +1.83554241715e+001
  +1.05665287254e+001
  +3.11065619618e+000
  -4.03904505204e+000
  -1.09142247695e+001
  -1.75471451149e+001
  -2.39685634481e+001
  -3.02067829050e+001
  -3.62873518863e+001
  -4.22331103731e+001
  -4.80644088508e+001
  -5.37994016041e+001
  -5.94543610177e+001
  -6.50439856906e+001
  -7.05816901761e+001
  -7.60798725842e+001
  -8.15501608682e+001
  -8.70036410226e+001
  -9.24510715993e+001
  -9.79030894794e+001
  -1.03370412018e+002
  -1.08864040671e+002
  -1.14395471068e+002
  -1.19976914099e+002
  -1.25621531893e+002
  -1.31343691054e+002
  -1.37159232803e+002
  -1.43085754564e+002
  -1.49142888439e+002
  -1.55352545998e+002
  -1.61739071061e+002
  -1.68329194733e+002
  -1.75151606251e+002
  +1.77764184164e+002
  +1.70390252025e+002
  +1.62704928447e+002
  +1.54701595917e+002
  +1.46405545882e+002
  +1.37908987980e+002
  +1.29457455029e+002
  +1.21736062678e+002
  +1.17397266423e+002
  +1.43253571467e+002
  -1.21072813312e+002
  -1.18830141510e+002
  -1.25430611959e+002
  -1.33632319808e+002
  -1.42140247283e+002
  -1.50545810466e+002
  -1.58694937410e+002
  -1.66534338972e+002
  -1.74057175143e+002
  +1.78721150540e+002
  +1.71775197794e+002
  +1.65075941425e+002
  +1.58594161495e+002
  +1.52302131466e+002
  +1.46174353034e+002
  +1.40187765654e+002
  +1.34321677441e+002
  +1.28557558574e+002
  +1.22878776226e+002
  +1.17270313711e+002
  +1.11718495376e+002
  +1.06210726721e+002
  +1.00735252370e+002
  +9.52809308310e+001
  +8.98370229897e+001
  +8.43929902944e+001
  +7.89382981694e+001
  +7.34622200479e+001
  +6.79536375165e+001
  +6.24008323787e+001
  +5.67912671267e+001
  +5.11113516322e+001
  +4.53461963239e+001
  +3.94793565977e+001
  +3.34925811594e+001
  +2.73655909261e+001
  +2.10759391665e+001
  +1.45990447600e+001
  +7.90856075085e+000
  +9.77360677792e-001
  -6.22036551436e+000
  -1.37050345845e+001
  -2.14839921661e+001
  -2.95369158563e+001
  -3.77863279261e+001
  -4.60294571375e+001
  -5.37393934353e+001
  -5.92281174007e+001
  -5.29484991375e+001
  +3.58643205355e+001
  +5.94447611616e+001
  +5.59886790686e+001
  +4.87662580969e+001
  +4.06355144504e+001
  +3.23665827154e+001
  +2.42415740867e+001
  +1.63710969705e+001
  +8.79108992332e+000
  +1.50180658577e+000
  -5.51364128591e+000
  -1.22796903293e+001
  -1.88232314070e+001
  -2.51709505873e+001
  -3.13480277333e+001
  -3.73775933718e+001
  -4.32806013852e+001
  -4.90759207926e+001
  -5.47805345659e+001
  -6.04097829906e+001
  -6.59776180479e+001
  -7.14968521024e+001
  -7.69793938168e+001
  -8.24364696527e+001
  -8.78788323074e+001
  -9.33169590282e+001
  -9.87612435355e+001
  -1.04222185610e+002
  -1.09710582423e+002
  -1.15237725448e+002
  -1.20815606184e+002
  -1.26457132752e+002
  -1.32176357264e+002
  -1.37988709944e+002
  -1.43911229079e+002
  -1.49962763876e+002
  -1.56164106613e+002
  -1.62537975058e+002
  -1.69108705750e+002
  -1.75901415221e+002
  +1.77059793806e+002
  +1.69755328642e+002
  +1.62176679184e+002
  +1.54338799875e+002
  +1.46304505864e+002
  +1.38237845139e+002
  +1.30544785605e+002
  +1.24369535787e+002
  +1.24374419257e+002
  +1.68861735544e+002
  -1.26803976661e+002
  -1.23719627175e+002
  -1.29269778118e+002
  -1.36784396903e+002
  -1.44810345736e+002
  -1.52857610468e+002
  -1.60730716044e+002
  -1.68352802120e+002
  -1.75702089845e+002
  +1.77216271532e+002
  +1.70384256059e+002
  +1.63778371586e+002
  +1.57373606879e+002
  +1.51145476052e+002
  +1.45070997846e+002
  +1.39129080458e+002
  +1.33300581536e+002
  +1.27568198116e+002
  +1.21916274477e+002
  +1.16330576782e+002
  +1.10798060541e+002
  +1.05306643627e+002
  +9.98449899825e+001
  +9.44023048243e+001
  +8.89681397574e+001
  +8.35322049780e+001
  +7.80841851234e+001
  +7.26135551455e+001
  +6.71093927240e+001
  +6.15601842279e+001
  +5.59536222569e+001
  +5.02763946914e+001
  +4.45139685727e+001
  +3.86503780935e+001
  +3.26680362854e+001
  +2.65476076899e+001
  +2.02680094953e+001
  +1.38066600832e+001
  +7.14018198949e+000
  +2.45919043509e-001
  -6.89509951451e+000
  -1.42925982645e+001
  -2.19366703244e+001
  -2.97777503525e+001
  -3.76847289036e+001
  -4.53432703760e+001
  -5.19432905676e+001
  -5.48069674316e+001
  -3.88515555874e+001
  +3.69018108604e+001
  +5.46014361612e+001
  +5.20195133346e+001
  +4.55010306412e+001
</dep>
<dep phaseS11 frequency>
  +1.69115908421e+002
  +1.58412608132e+002
  +1.48029098379e+002
  +1.38065189938e+002
  +1.28575779117e+002
  +1.19576248242e+002
  +1.11052835209e+002
  +1.02973516396e+002
  +9.52969588560e+001
  +8.79788333558e+001
  +8.09757549412e+001
  +7.42474603095e+001
  +6.77578301679e+001
  +6.14752402178e+001
  +5.53725932728e+001
  +4.94272973427e+001
  +4.36214370152e+001
  +3.79424845146e+001
  +3.23852570268e+001
  +2.69569510575e+001
  +2.16909878308e+001
  +1.66922873443e+001
  +1.23420426557e+001
  +1.12136347347e+001
  +1.60500161171e+002
  +1.68677183156e+002
  +1.64984481185e+002
  +1.60174006726e+002
  +1.54996157560e+002
  +1.49624725761e+002
  +1.44113917276e+002
  +1.38479312512e+002
  +1.32720015331e+002
  +1.26826253330e+002
  +1.20782300090e+002
  +1.14567608616e+002
  +1.08157187884e+002
  +1.01521676475e+002
  +9.46273875046e+001
  +8.74365757021e+001
  +7.99082357098e+001
  +7.19998485777e+001
  +6.36706119308e+001
  +5.48867322219e+001
  +4.56291552866e+001
  +3.59034165999e+001
  +2.57499248688e+001
  +1.52512118212e+001
  +4.53160280783e+000
  -6.25391974839e+000
  -1.69405395096e+001
  -2.73778194214e+001
  -3.74489900141e+001
  -4.70798965735e+001
  -5.62375083091e+001
  -6.49217243263e+001
  -7.31549469429e+001
  -8.09725483104e+001
  -8.84155977748e+001
  -9.55259797781e+001
  -1.02343451207e+002
  -1.08904046975e+002
  -1.15239304393e+002
  -1.21375886409e+002
  -1.27335261255e+002
  -1.33133093011e+002
  -1.38777843241e+002
  -1.44267587409e+002
  -1.49582597905e+002
  -1.54666578687e+002
  -1.59371384511e+002
  -1.63246536023e+002
  -1.64238067022e+002
  -1.23344412330e+002
  -1.73398261741e+001
  -1.62402903470e+001
  -1.97158552780e+001
  -2.42741455411e+001
  -2.92832003873e+001
  -3.45496242525e+001
  -4.00013153696e+001
  -4.56116286450e+001
  -5.13749798388e+001
  -5.72974995676e+001
  -6.33930727874e+001
  -6.96815862196e+001
  -7.61881449706e+001
  -8.29426735132e+001
  -8.99795325122e+001
  -9.73368179859e+001
  -1.05054953255e+002
  -1.13174087766e+002
  -1.21729749278e+002
  -1.30746287188e+002
  -1.40228103455e+002
  -1.50149708025e+002
  -1.60447217621e+002
  -1.71015338434e+002
  +1.78286314761e+002
  +1.67616704560e+002
  +1.57130711494e+002
  +1.46957872817e+002
  +1.37189239025e+002
  +1.27874638763e+002
  +1.19028121160e+002
  +1.10637374176e+002
  +1.02673478648e+002
  +9.50989700332e+001
  +8.78736107001e+001
  +8.09580972918e+001
  +7.43162326985e+001
  +6.79161118508e+001
  +6.17307892423e+001
  +5.57388218884e+001
  +4.99250794594e+001
  +4.42823589102e+001
  +3.88148108001e+001
  +3.35455088087e+001
  +2.85344913618e+001
  +2.39276848763e+001
  +2.01200734611e+001
  +1.85314470906e+001
  +2.96118034486e+001
  +1.45906121565e+002
  +1.61156096878e+002
  +1.59996681453e+002
  +1.56311786710e+002
  +1.51757459583e+002
  +1.46774921617e+002
  +1.41524125919e+002
  +1.36070618344e+002
  +1.30440090047e+002
  +1.24638172464e+002
  +1.18658666291e+002
  +1.12487256526e+002
  +1.06103272288e+002
  +9.94805794654e+001
  +9.25881728948e+001
  +8.53908666727e+001
  +7.78504693629e+001
  +6.99278935263e+001
  +6.15867207625e+001
  +5.27987223386e+001
  +4.35515509939e+001
  +3.38580586395e+001
  +2.37653681413e+001
  +1.33603133578e+001
  +2.76727353121e+000
  -7.86385510998e+000
  -1.83776663853e+001
  -2.86350957150e+001
  -3.85299119743e+001
  -4.79956671815e+001
  -5.70035386506e+001
  -6.55545390917e+001
  -7.36699780496e+001
  -8.13828189513e+001
  -8.87310652579e+001
  -9.57532606783e+001
  -1.02485693003e+002
  -1.08960763358e+002
  -1.15206020363e+002
  -1.21243425798e+002
  -1.27088432241e+002
  -1.32748336799e+002
  -1.38218978012e+002
  -1.43477746420e+002
  -1.48467736296e+002
  -1.53057638166e+002
  -1.56921395931e+002
  -1.59063451693e+002
  -1.54709236191e+002
  -8.53092696185e+001
  -2.46924354079e+001
  -2.11420865151e+001
  -2.34519649323e+001
  -2.73791078392e+001
  -3.20022983828e+001
  -3.70144715033e+001
  -4.22909676079e+001
  -4.77777330139e+001
  -5.34535773777e+001
  -5.93151305499e+001
  -6.53701645122e+001
  -7.16344148961e+001
  -7.81299745653e+001
  -8.48843624196e+001
  -9.19297434669e+001
  -9.93018836720e+001
  -1.07038408845e+002
  -1.15175877965e+002
  -1.23745163587e+002
  -1.32764792813e+002
  -1.42232435231e+002
  -1.52115783401e+002
  -1.62345511272e+002
  -1.72814046022e+002
  +1.76616753309e+002
  +1.66099023051e+002
  +1.55777779102e+002
  +1.45772153992e+002
  +1.36164541088e+002
  +1.26999098032e+002
  +1.18287287241e+002
  +1.10016679742e+002
  +1.02159885746e+002
  +9.46819072482e+001
  +8.75454361844e+001
  +8.07143216948e+001
  +7.41556940230e+001
  +6.78412593421e+001
  +6.17482298329e+001
  +5.58603291291e+001
  +5.01693956005e+001
  +4.46784214991e+001
  +3.94077347288e+001
  +3.44084194569e+001
  +2.97943410383e+001
  +2.58302489634e+001
  +2.32334177534e+001
  +2.46646911256e+001
  +4.97097627748e+001
  +1.41567986389e+002
  +1.56187910496e+002
  +1.56222057927e+002
  +1.53209164747e+002
  +1.49062020335e+002
  +1.44344919921e+002
  +1.39275598661e+002
  +1.33949488812e+002
  +1.28409095595e+002
  +1.22670161737e+002
  +1.16732909797e+002
  +1.10587315252e+002
  +1.04215746389e+002
  +9.75944080972e+001
  +9.06943278737e+001
  +8.34823741182e+001
  +7.59227424278e+001
  +6.79793756726e+001
  +5.96198157657e+001
  +5.08209068129e+001
  +4.15764138829e+001
  +3.19058123477e+001
  +2.18622334436e+001
  +1.15362929442e+001
  +1.05236285445e+000
  -9.44414364796e+000
  -1.98060033131e+001
  -2.99040016802e+001
  -3.96410784832e+001
  -4.89576076771e+001
  -5.78286570627e+001
  -6.62564917488e+001
  -7.42617383373e+001
  -8.18754662512e+001
  -8.91331227948e+001
  -9.60703595690e+001
  -1.02720363111e+002
  -1.09112186933e+002
  -1.15269599878e+002
  -1.21209993334e+002
  -1.26942838645e+002
  -1.32466946268e+002
  -1.37765106931e+002
  -1.42792903458e+002
  -1.47453332610e+002
  -1.51531869534e+002
  -1.54497704434e+002
  -1.54697120791e+002
  -1.43992016764e+002
  -7.01852615029e+001
  -2.93515934638e+001
  -2.49835517057e+001
  -2.65969879025e+001
  -3.00903864449e+001
  -3.44313415715e+001
  -3.92514296114e+001
  -4.43934319239e+001
  -4.97849706245e+001
  -5.53939046213e+001
  -6.12099700324e+001
  -6.72363880848e+001
  -7.34857303787e+001
  -7.99777282343e+001
  -8.67379396958e+001
  -9.37966495360e+001
  -1.01187530010e+002
  -1.08945605997e+002
  -1.17104041596e+002
  -1.25689293627e+002
  -1.34714401253e+002
  -1.44170774125e+002
  -1.54019898448e+002
  -1.64187664398e+002
  -1.74564723189e+002
  +1.74984729528e+002
  +1.64606474761e+002
  +1.54436613564e+002
  +1.44585002705e+002
</dep>
<dep dBS21 frequency>
  -1.79958146552e+001
  -1.21557130563e+001
  -8.91044660604e+000
  -6.76818002459e+000
  -5.24779443029e+000
  -4.12531468957e+000
  -3.27525569282e+000
  -2.61945738586e+000
  -2.10604231891e+000
  -1.69916924158e+000
  -1.37339618335e+000
  -1.11030195238e+000
  -8.96339777378e-001
  -7.21418959196e-001
  -5.77941614871e-001
  -4.60135319693e-001
  -3.63583632805e-001
  -2.84891823382e-001
  -2.21446624569e-001
  -1.71242451221e-001
  -1.32755378078e-001
  -1.04852079323e-001
  -8.67249499233e-002
  -7.78474302300e-002
  -7.79455673207e-002
  -8.69833558154e-002
  -1.05160607934e-001
  -1.32923158160e-001
  -1.70986238457e-001
  -2.20372987700e-001
  -2.82471421016e-001
  -3.59114955252e-001
  -4.52694007604e-001
  -5.66309609614e-001
  -7.03984949323e-001
  -8.70958124718e-001
  -1.07409056472e+000
  -1.32244296461e+000
  -1.62809860873e+000
  -2.00736132593e+000
  -2.48254075102e+000
  -3.08470499282e+000
  -3.85814310789e+000
  -4.86815493658e+000
  -6.21617194922e+000
  -8.07373765889e+000
  -1.07759925512e+001
  -1.51734369640e+001
  -2.52082500133e+001
  -2.26366881278e+001
  -1.42876109965e+001
  -1.02772773293e+001
  -7.75151542232e+000
  -5.99679438174e+000
  -4.71618867161e+000
  -3.75333044273e+000
  -3.01425212456e+000
  -2.43787877437e+000
  -1.98254145865e+000
  -1.61889436549e+000
  -1.32580336936e+000
  -1.08778785503e+000
  -8.93352276901e-001
  -7.33862402807e-001
  -6.02770935113e-001
  -4.95074722054e-001
  -4.06929236370e-001
  -3.35371911703e-001
  -2.78122092280e-001
  -2.33435775777e-001
  -2.00000226196e-001
  -1.76858198270e-001
  -1.63354740548e-001
  -1.59101835145e-001
  -1.63957820024e-001
  -1.78019852514e-001
  -2.01628776481e-001
  -2.35386782996e-001
  -2.80189325846e-001
  -3.37273996167e-001
  -4.08290628428e-001
  -4.95399009206e-001
  -6.01403485731e-001
  -7.29937966183e-001
  -8.85720957282e-001
  -1.07490950943e+000
  -1.30559511189e+000
  -1.58850704756e+000
  -1.93802588041e+000
  -2.37367488945e+000
  -2.92238043577e+000
  -3.62204766879e+000
  -4.52758573145e+000
  -5.72203108598e+000
  -7.33985811825e+000
  -9.62497858973e+000
  -1.31150351568e+001
  -1.95273953828e+001
  -2.92100137879e+001
  -1.69112897935e+001
  -1.18166472848e+001
  -8.81232301100e+000
  -6.78341105486e+000
  -5.32451217538e+000
  -4.23742187200e+000
  -3.40812002351e+000
  -2.76440234556e+000
  -2.25777816207e+000
  -1.85443590703e+000
  -1.53018819233e+000
  -1.26740417300e+000
  -1.05304120050e+000
  -8.77332998951e-001
  -7.32891989200e-001
  -6.14083099266e-001
  -5.16580522586e-001
  -4.37050379606e-001
  -3.72921551291e-001
  -3.22219260544e-001
  -2.83444050030e-001
  -2.55484225033e-001
  -2.37553549551e-001
  -2.29148598973e-001
  -2.30022070618e-001
  -2.40169795422e-001
  -2.59830365425e-001
  -2.89497334797e-001
  -3.29944988956e-001
  -3.82269827701e-001
  -4.47951312711e-001
  -5.28937265147e-001
  -6.27761813953e-001
  -7.47707355295e-001
  -8.93027147941e-001
  -1.06925282681e+000
  -1.28362273652e+000
  -1.54568512739e+000
  -1.86815966904e+000
  -2.26819095263e+000
  -2.76921946381e+000
  -3.40387833460e+000
  -4.21872585056e+000
  -5.28260557513e+000
  -6.70312492068e+000
  -8.66430063756e+000
  -1.15315651973e+001
  -1.62453296708e+001
  -2.62086296038e+001
  -2.03483921458e+001
  -1.36441016492e+001
  -1.00156909662e+001
  -7.65395069601e+000
  -5.98686679981e+000
  -4.75794290218e+000
  -3.82708013080e+000
  -3.10829514088e+000
  -2.54493278732e+000
  -2.09795574338e+000
  -1.73965643204e+000
  -1.44994992904e+000
  -1.21404084399e+000
  -1.02088788581e+000
  -8.62161866766e-001
  -7.31522941526e-001
  -6.24111049179e-001
  -5.36182128263e-001
  -4.64845881879e-001
  -4.07875455142e-001
  -3.63568859587e-001
  -3.30648289946e-001
  -3.08187777657e-001
  -2.95562621266e-001
  -2.92416180655e-001
  -2.98641221421e-001
  -3.14374257241e-001
  -3.40002416975e-001
  -3.76183386270e-001
  -4.23880058507e-001
  -4.84412804352e-001
  -5.59533889102e-001
  -6.51530743839e-001
  -7.63367833881e-001
  -8.98881223867e-001
  -1.06304632693e+000
  -1.26234890533e+000
  -1.50530413441e+000
  -1.80319201395e+000
  -2.17111652784e+000
  -2.62956527488e+000
  -3.20677915600e+000
  -3.94252099162e+000
  -4.89448162274e+000
  -6.15024676588e+000
  -7.85269467066e+000
  -1.02637586129e+001
  -1.39654470474e+001
  -2.06912794711e+001
  -2.44852790563e+001
  -1.58690962166e+001
  -1.14048145575e+001
  -8.63117881871e+000
  -6.71791016585e+000
  -5.32557439609e+000
  -4.27952641107e+000
  -3.47647771039e+000
  -2.84990071828e+000
  -2.35459870023e+000
  -1.95878398851e+000
  -1.63955869105e+000
  -1.38013385995e+000
  -1.16802649041e+000
  -9.93847863438e-001
  -8.50468611697e-001
  -7.32432770715e-001
  -6.35540822101e-001
  -5.56549797318e-001
  -4.92955865473e-001
  -4.42835972784e-001
  -4.04732463454e-001
  -3.77569589876e-001
  -3.60594261636e-001
  -3.53335822505e-001
  -3.55581432895e-001
  -3.67365011059e-001
  -3.88968821635e-001
  -4.20937829531e-001
  -4.64107978715e-001
  -5.19650729067e-001
  -5.89137629712e-001
  -6.74630605917e-001
  -7.78806243761e-001
  -9.05126048912e-001
  -1.05807001077e+000
  -1.24345874256e+000
  -1.46890152591e+000
  -1.74442646416e+000
  -2.08337971954e+000
  -2.50373379855e+000
  -3.03004283630e+000
  -3.69648033736e+000
  -4.55183313209e+000
  -5.66840260239e+000
  -7.15972332712e+000
  -9.22129792947e+000
  -1.22432659485e+001
  -1.71978050836e+001
  -2.51606646341e+001
  -1.86046084776e+001
  -1.30319647496e+001
  -9.73955858455e+000
  -7.53159462021e+000
  -5.94947766712e+000
  -4.77205309064e+000
  -3.87398837557e+000
  -3.17669151137e+000
  -2.62765351098e+000
  -2.19033504119e+000
  -1.83860312892e+000
  -1.55339544533e+000
  -1.32059492742e+000
  -1.12961778013e+000
  -9.72447885623e-001
  -8.42962697678e-001
  -7.36455326443e-001
  -6.49291688313e-001
  -5.78662340997e-001
  -5.22401772477e-001
  -4.78856517479e-001
  -4.46789249656e-001
  -4.25309959993e-001
  -4.13828114859e-001
  -4.12021699572e-001
  -4.19820569587e-001
  -4.37402744632e-001
  -4.65203336604e-001
  -5.03936821261e-001
  -5.54634462346e-001
  -6.18700002097e-001
  -6.97988402921e-001
  -7.94914677320e-001
  -9.12602989225e-001
  -1.05509072067e+000
  -1.22760881068e+000
  -1.43696959195e+000
  -1.69210863968e+000
  -2.00485157620e+000
  -2.39101775267e+000
  -2.87204602560e+000
  -3.47746982604e+000
  -4.24886996378e+000
  -5.24663789212e+000
  -6.56270536100e+000
  -8.34768605862e+000
  -1.08784847150e+001
  -1.47592929414e+001
  -2.13597352262e+001
  -2.16743212091e+001
  -1.49587055050e+001
  -1.10080554945e+001
  -8.44322468165e+000
</dep>
<dep dBS11 frequency>
  -9.40341635011e-002
  -3.09350182551e-001
  -6.44977699487e-001
  -1.08527643376e+000
  -1.61255760798e+000
  -2.21017528002e+000
  -2.86426791106e+000
  -3.56447900265e+000
  -4.30402089537e+000
  -5.07942481228e+000
  -5.89022489739e+000
  -6.73872886330e+000
  -7.62996741350e+000
  -8.57189465434e+000
  -9.57593146832e+000
  -1.06580112919e+001
  -1.18404350055e+001
  -1.31551574814e+001
  -1.46498542470e+001
  -1.63999704141e+001
  -1.85354018839e+001
  -2.13099395451e+001
  -2.53359876823e+001
  -3.29299867931e+001
  -4.03564128231e+001
  -2.77881584151e+001
  -2.27949543549e+001
  -1.96130434288e+001
  -1.72561900893e+001
  -1.53691675869e+001
  -1.37831545794e+001
  -1.24045679024e+001
  -1.11761372317e+001
  -1.00603470714e+001
  -9.03143378197e+000
  -8.07116615356e+000
  -7.16649577584e+000
  -6.30822356938e+000
  -5.49027150557e+000
  -4.70934973614e+000
  -3.96490335839e+000
  -3.25925988893e+000
  -2.59789462809e+000
  -1.98968937347e+000
  -1.44698435305e+000
  -9.85138561190e-001
  -6.21288816858e-001
  -3.72145839066e-001
  -2.51067171231e-001
  -2.65190299827e-001
  -4.13714172078e-001
  -6.88097185366e-001
  -1.07407914834e+000
  -1.55464247555e+000
  -2.11284285415e+000
  -2.73382789385e+000
  -3.40590066674e+000
  -4.12083751273e+000
  -4.87377451687e+000
  -5.66293255640e+000
  -6.48936402507e+000
  -7.35683416781e+000
  -8.27191513565e+000
  -9.24437366060e+000
  -1.02879776459e+001
  -1.14219528560e+001
  -1.26735463207e+001
  -1.40826532803e+001
  -1.57106787642e+001
  -1.76591362034e+001
  -2.01142712381e+001
  -2.34784326253e+001
  -2.89219083234e+001
  -4.28054104638e+001
  -3.11093262464e+001
  -2.46085580231e+001
  -2.08822483729e+001
  -1.82479221238e+001
  -1.61944299719e+001
  -1.44987056932e+001
  -1.30433602262e+001
  -1.17590276769e+001
  -1.06013799111e+001
  -9.54049818292e+000
  -8.55543654303e+000
  -7.63124734402e+000
  -6.75729563766e+000
  -5.92631225165e+000
  -5.13391025902e+000
  -4.37841790452e+000
  -3.66093779433e+000
  -2.98555443723e+000
  -2.35958747784e+000
  -1.79372882616e+000
  -1.30182241586e+000
  -8.99992306218e-001
  -6.04890040387e-001
  -4.31114326170e-001
  -3.88338374544e-001
  -4.79103346647e-001
  -6.98198740152e-001
  -1.03391233424e+000
  -1.47058972096e+000
  -1.99149748778e+000
  -2.58114712047e+000
  -3.22672513663e+000
  -3.91870296119e+000
  -4.65089882816e+000
  -5.42027516184e+000
  -6.22668431583e+000
  -7.07269984942e+000
  -7.96362250880e+000
  -8.90773745754e+000
  -9.91692449576e+000
  -1.10077976996e+001
  -1.22037126141e+001
  -1.35383284238e+001
  -1.50622231539e+001
  -1.68561520650e+001
  -1.90607591391e+001
  -2.19550459249e+001
  -2.62251313873e+001
  -3.44015712138e+001
  -3.57264408538e+001
  -2.67880643142e+001
  -2.23065112927e+001
  -1.93203690556e+001
  -1.70660068927e+001
  -1.52418648228e+001
  -1.36984301378e+001
  -1.23507733787e+001
  -1.11461027736e+001
  -1.00494810640e+001
  -9.03676583726e+000
  -8.09083194627e+000
  -7.19944955248e+000
  -6.35407720592e+000
  -5.54920738921e+000
  -4.78207578379e+000
  -4.05262600566e+000
  -3.36365036861e+000
  -2.72101816746e+000
  -2.13385972638e+000
  -1.61450483227e+000
  -1.17790847357e+000
  -8.40305043078e-001
  -6.17011842288e-001
  -5.19696097688e-001
  -5.53880663087e-001
  -7.17641771671e-001
  -1.00207005865e+000
  -1.39328729697e+000
  -1.87518082613e+000
  -2.43193338155e+000
  -3.04979700529e+000
  -3.71801997922e+000
  -4.42912400972e+000
  -5.17880975822e+000
  -5.96572802303e+000
  -6.79128006123e+000
  -7.65955218767e+000
  -8.57746310768e+000
  -9.55521096374e+000
  -1.06071574205e+001
  -1.17534020006e+001
  -1.30225467261e+001
  -1.44567023935e+001
  -1.61211356693e+001
  -1.81246783448e+001
  -2.06691148381e+001
  -2.41951269123e+001
  -2.99687368645e+001
  -3.92447998239e+001
  -2.94981136166e+001
  -2.39409318724e+001
  -2.04996124252e+001
  -1.79998583501e+001
  -1.60242448557e+001
  -1.43792492338e+001
  -1.29596917726e+001
  -1.17021763093e+001
  -1.05656616287e+001
  -9.52221635741e+000
  -8.55219932581e+000
  -7.64159064990e+000
  -6.78047074379e+000
  -5.96216788932e+000
  -5.18283017111e+000
  -4.44128775675e+000
  -3.73911838418e+000
  -3.08083496093e+000
  -2.47408607751e+000
  -1.92970289600e+000
  -1.46135804226e+000
  -1.08457436625e+000
  -8.14919368032e-001
  -6.65517127044e-001
  -6.44448730622e-001
  -7.52930223887e-001
  -9.85023284144e-001
  -1.32900708592e+000
  -1.76982229274e+000
  -2.29168105736e+000
  -2.88013457566e+000
  -3.52332707161e+000
  -4.21252490777e+000
  -4.94216889160e+000
  -5.70970134365e+000
  -6.51535731152e+000
  -7.36204498230e+000
  -8.25540129022e+000
  -9.20410233142e+000
  -1.02205387271e+001
  -1.13220480623e+001
  -1.25330723301e+001
  -1.38889892213e+001
  -1.54432541585e+001
  -1.72817893111e+001
  -1.95553841498e+001
  -2.25652017884e+001
  -2.70458812021e+001
  -3.50675494321e+001
  -3.28641866568e+001
  -2.58603644889e+001
  -2.18174952966e+001
  -1.90129079302e+001
  -1.68564529861e+001
  -1.50932982697e+001
  -1.35915313282e+001
  -1.22743068415e+001
  -1.10930802373e+001
  -1.00153836665e+001
  -9.01863791078e+000
  -8.08678886202e+000
  -7.20840109930e+000
  -6.37557162895e+000
  -5.58334610031e+000
  -4.82946839140e+000
  -4.11436235184e+000
  -3.44126584838e+000
  -2.81642361957e+000
  -2.24920137352e+000
  -1.75192037018e+000
  -1.33916414727e+000
  -1.02634643266e+000
  -8.27533270634e-001
  -7.52891937400e-001
  -8.06524498548e-001
  -9.85518418905e-001
  -1.28062343681e+000
  -1.67826025150e+000
  -2.16306670879e+000
  -2.72017928320e+000
  -3.33680266464e+000
  -4.00301888826e+000
  -4.71202520220e+000
  -5.46005090111e+000
  -6.24616454844e+000
  -7.07211896689e+000
  -7.94233245612e+000
  -8.86408491596e+000
  -9.84802132511e+000
  -1.09091111175e+001
  -1.20683375167e+001
  -1.33556578046e+001
  -1.48153729308e+001
  -1.65165067748e+001
  -1.85748158116e+001
  -2.12058839556e+001
  -2.48777421565e+001
  -3.08064688237e+001
  -3.58258584720e+001
  -2.81446318621e+001
  -2.33088538781e+001
  -2.01213383380e+001
  -1.77472609431e+001
  -1.58459889917e+001
  -1.42500144825e+001
  -1.28653033802e+001
  -1.16340270968e+001
  -1.05182535794e+001
  -9.49195037524e+000
  -8.53673242256e+000
  -7.63947800724e+000
  -6.79096268640e+000
  -5.98509620486e+000
  -5.21854670599e+000
  -4.49063001282e+000
  -3.80337951399e+000
  -3.16171260187e+000
  -2.57357892721e+000
  -2.04992113049e+000
  -1.60422301868e+000
  -1.25141614322e+000
  -1.00604108161e+000
  -8.79861666913e-001
  -8.79523530222e-001
  -1.00507310774e+000
  -1.24994596210e+000
  -1.60242939721e+000
</dep>
<dep S[1,1] frequency>
  -9.71437184085e-001+j1.86789604966e-001
  -8.97323156533e-001+j3.55046977998e-001
  -7.87606593200e-001+j4.91595218916e-001
  -6.56529198224e-001+j5.89790342395e-001
  -5.17896316333e-001+j6.49320290169e-001
  -3.82692545180e-001+j6.74311419624e-001
  -2.58319759171e-001+j6.71095611500e-001
  -1.48933931737e-001+j6.46466878443e-001
  -5.62450233983e-002+j6.06653032182e-001
  +1.96525166615e-002+j5.56875980350e-001
  +7.96122532936e-002+j5.01279027899e-001
  +1.24970174040e-001+j4.43035642495e-001
  +1.57250813779e-001+j3.84522126439e-001
  +1.77997395156e-001+j3.27492848092e-001
  +1.88683209177e-001+j2.73232171659e-001
  +1.90672583529e-001+j2.22676138672e-001
  +1.85210285251e-001+j1.76505554848e-001
  +1.73426127638e-001+j1.35215202757e-001
  +1.56346923376e-001+j9.91643513744e-002
  +1.34911344333e-001+j6.86131311176e-002
  +1.09985331661e-001+j4.37484410955e-002
  +8.23769275762e-002+j2.47021762081e-002
  +5.28501023029e-002+j1.15638164220e-002
  +2.21375389208e-002+j4.38882563592e-003
  -9.04745315424e-003+j3.20384255440e-003
  -3.99996200276e-002+j8.00927912442e-003
  -7.00107168152e-002+j1.87796406809e-002
  -9.83583956856e-002+j3.54616154387e-002
  -1.24294704027e-001+j5.79697207953e-002
  -1.47033911349e-001+j8.61790121625e-002
  -1.65739475005e-001+j1.19914028065e-001
  -1.79510131240e-001+j1.58932733111e-001
  -1.87365423900e-001+j2.02903699021e-001
  -1.88231566125e-001+j2.51374112483e-001
  -1.80929544613e-001+j3.03725424696e-001
  -1.64169092098e-001+j3.59112640411e-001
  -1.36554967564e-001+j4.16382625029e-001
  -9.66164183798e-002+j4.73966959320e-001
  -4.28773001497e-002+j5.29746991519e-001
  +2.60067139504e-002+j5.80895092820e-001
  +1.11007270732e-001+j6.23710521629e-001
  +2.12335643204e-001+j6.53496036905e-001
  +3.28873746814e-001+j6.64567079694e-001
  +4.57436064304e-001+j6.50545411902e-001
  +5.91989652727e-001+j6.05135611627e-001
  +7.23155458510e-001+j5.23542971668e-001
  +8.38523324726e-001+j4.04454283331e-001
  +9.24318812863e-001+j2.52019234826e-001
  +9.68471555157e-001+j7.67578793051e-002
  +9.64158043802e-001-j1.05659231191e-001
  +9.12111948655e-001-j2.77825885464e-001
  +8.20360827258e-001-j4.24831832220e-001
  +7.01550777163e-001-j5.37327186796e-001
  +5.69378239718e-001-j6.12292990406e-001
  +4.35751107016e-001-j6.51839924943e-001
  +3.09404750452e-001-j6.61160887287e-001
  +1.95785297518e-001-j6.46634125757e-001
  +9.76342736197e-002-j6.14532765811e-001
  +1.57760667040e-002-j5.70354933620e-001
  -5.01725905764e-002-j5.18597409810e-001
  -1.01270082540e-001-j4.62780103578e-001
  -1.38893582352e-001-j4.05581474165e-001
  -1.64520996706e-001-j3.49003275919e-001
  -1.79608749493e-001-j2.94525027087e-001
  -1.85530815875e-001-j2.43233329164e-001
  -1.83554487991e-001-j1.95923657847e-001
  -1.74836858322e-001-j1.53177566525e-001
  -1.60432145040e-001-j1.15419866842e-001
  -1.41304057565e-001-j8.29602985907e-002
  -1.18339965403e-001-j5.60235218818e-002
  -9.23651883415e-002-j3.47704495029e-002
  -6.41566404622e-002-j1.93131873200e-002
  -3.44555830804e-002-j9.72522673700e-003
  -3.97953128953e-003-j6.04803576846e-003
  +2.65664868885e-002-j8.29480135930e-003
  +5.64790430937e-002-j1.64517559520e-002
  +8.50454862658e-002-j3.04772467490e-002
  +1.11532878686e-001-j5.02984489351e-002
  +1.35176413757e-001-j7.58053575719e-002
  +1.55167110568e-001-j1.06841390055e-001
  +1.70638721664e-001-j1.43189564211e-001
  +1.80654052328e-001-j1.84552758900e-001
  +1.84191358363e-001-j2.30525992510e-001
  +1.80132304867e-001-j2.80557968044e-001
  +1.67254349661e-001-j3.33898381485e-001
  +1.44232687236e-001-j3.89526841421e-001
  +1.09660494722e-001-j4.46059117798e-001
  +6.21016646677e-002-j5.01627715024e-001
  +1.97809154066e-004-j5.53738167740e-001
  -7.71394783586e-002-j5.99112968121e-001
  -1.70412288479e-001-j6.33556080111e-001
  -2.79058924135e-001-j6.51907341517e-001
  -4.00806553310e-001-j6.48208062186e-001
  -5.30926331010e-001-j6.16251088173e-001
  -6.61618731395e-001-j5.50690373271e-001
  -7.81959391187e-001-j4.48744322168e-001
  -8.78941893922e-001-j3.12161187730e-001
  -9.39902076560e-001-j1.48607945703e-001
  -9.55847916342e-001+j2.85974132552e-002
  -9.24318218474e-001+j2.02942047121e-001
  -8.50227939344e-001+j3.58613408398e-001
  -7.44197575398e-001+j4.84065866520e-001
  -6.19342901387e-001+j5.73733919270e-001
  -4.88144194184e-001+j6.27621759631e-001
  -3.60494125437e-001+j6.49596506690e-001
  -2.43088228527e-001+j6.45447060572e-001
  -1.39730375678e-001+j6.21373545047e-001
  -5.20285200963e-002+j5.83086517415e-001
  +1.98795563534e-002+j5.35410751876e-001
  +7.67359455788e-002+j4.82208971995e-001
  +1.19744491062e-001+j4.26468366437e-001
  +1.50302011947e-001+j3.70448029289e-001
  +1.69839448686e-001+j3.15832557923e-001
  +1.79736417482e-001+j2.63867613122e-001
  +1.81281504344e-001+j2.15470060654e-001
  +1.75659412593e-001+j1.71313282957e-001
  +1.63952908552e-001+j1.31891316173e-001
  +1.47152253463e-001+j9.75661243883e-002
  +1.26167892758e-001+j6.86019507661e-002
  +1.01844091527e-001+j4.51899756612e-002
  +7.49723588734e-002+j2.74657750577e-002
  +4.63041787506e-002+j1.55214262019e-002
  +1.65629486579e-002+j9.41357817026e-003
  -1.35447611509e-002+j9.16838236712e-003
  -4.33184046917e-002+j1.47838371812e-002
  -7.20528387046e-002+j2.62298148033e-002
  -9.90275939604e-002+j4.34457796262e-002
  -1.23495768167e-001+j6.63359508144e-002
  -1.44672323835e-001+j9.47613809289e-002
  -1.61721686897e-001+j1.28528091875e-001
  -1.73744752143e-001+j1.67370002935e-001
  -1.79765778561e-001+j2.10924880901e-001
  -1.78720314426e-001+j2.58700930704e-001
  -1.69446406250e-001+j3.10030955338e-001
  -1.50683185125e-001+j3.64010361966e-001
  -1.21083862231e-001+j4.19414976412e-001
  -7.92546566027e-002+j4.74595308504e-001
  -2.38376025727e-002+j5.27346886230e-001
  +4.63366186061e-002+j5.74763872224e-001
  +1.31991512918e-001+j6.13099032665e-001
  +2.33006420176e-001+j6.37681734951e-001
  +3.47855720141e-001+j6.42989461705e-001
  +4.72919562648e-001+j6.23019665517e-001
  +6.01818901206e-001+j5.72134788344e-001
  +7.25107762813e-001+j4.86482108296e-001
  +8.30811275510e-001+j3.65831730565e-001
  +9.06220236518e-001+j2.15228892045e-001
  +9.40824154092e-001+j4.54753229777e-002
  +9.29399693331e-001-j1.28367318396e-001
  +8.73742892830e-001-j2.90277354600e-001
  +7.82055269803e-001-j4.27012019106e-001
  +6.66345639867e-001-j5.30603471170e-001
  +5.39247730573e-001-j5.98804207623e-001
  +4.11595662761e-001-j6.33887446025e-001
  +2.91292190260e-001-j6.40798103310e-001
  +1.83259859858e-001-j6.25483031721e-001
  +8.99803931364e-002-j5.93763344642e-001
  +1.21994615926e-002-j5.50748082860e-001
  -5.04399854894e-002-j5.00634124487e-001
  -9.89198146217e-002-j4.46726316708e-001
  -1.34523949396e-001-j3.91556779740e-001
  -1.58638407920e-001-j3.37031850400e-001
  -1.72637406140e-001-j2.84571258070e-001
  -1.77825177965e-001-j2.35225728888e-001
  -1.75411705922e-001-j1.89770365595e-001
  -1.66507923340e-001-j1.48776052956e-001
  -1.52131355973e-001-j1.12662748493e-001
  -1.33216814685e-001-j8.17385902563e-002
  -1.10629078924e-001-j5.62282200316e-002
  -8.51759434199e-002-j3.62930306468e-002
  -5.76208563137e-002-j2.20453910362e-002
  -2.86948745045e-002-j1.35583462252e-002
  +8.92056982492e-004-j1.08718375525e-002
  +3.04403420494e-002-j1.39961241541e-002
  +5.92502504510e-002-j2.29127854249e-002
  +8.66114478228e-002-j3.75734200818e-002
  +1.11792276107e-001-j5.78959054329e-002
  +1.34028560788e-001-j8.37578158776e-002
  +1.52511809606e-001-j1.14986297796e-001
  +1.66376835757e-001-j1.51343334140e-001
  +1.74689141904e-001-j1.92504883785e-001
  +1.76432930738e-001-j2.38031835189e-001
  +1.70501507933e-001-j2.87330084840e-001
  +1.55693334132e-001-j3.39596415968e-001
  +1.30719378273e-001-j3.93746425908e-001
  +9.42311262996e-002-j4.48321016061e-001
  +4.48840020495e-002-j5.01369897097e-001
  -1.85418612529e-002-j5.50315974984e-001
  -9.69336171467e-002-j5.91816316994e-001
  -1.90515597562e-001-j6.21657648225e-001
  -2.98369217852e-001-j6.34760393091e-001
  -4.17810928111e-001-j6.25412519354e-001
  -5.43723912562e-001-j5.87892635270e-001
  -6.68090029426e-001-j5.17618247383e-001
  -7.80138502528e-001-j4.12786960907e-001
  -8.67566113207e-001-j2.76116542559e-001
  -9.18966046161e-001-j1.15863537262e-001
  -9.26872469598e-001+j5.47944014539e-002
  -8.90110777708e-001+j2.20296254314e-001
  -8.14188819484e-001+j3.66290572368e-001
  -7.09502530809e-001+j4.82681667635e-001
  -5.88361068162e-001+j5.64917367658e-001
  -4.62242527420e-001+j6.13436644253e-001
  -3.40152303208e-001+j6.32067314424e-001
  -2.28156338249e-001+j6.26287040576e-001
  -1.29692687120e-001+j6.01892290413e-001
  -4.62070563798e-002+j5.64208966106e-001
  +2.21939078072e-002+j5.17745441581e-001
  +7.62114675058e-002+j4.66126247247e-001
  +1.16976587822e-001+j4.12169691598e-001
  +1.45804737661e-001+j3.58020354124e-001
  +1.64049308619e-001+j3.05287988495e-001
  +1.73021537135e-001+j2.55170993383e-001
  +1.73952342559e-001+j2.08557462990e-001
  +1.67979111003e-001+j1.66104015142e-001
  +1.56146464859e-001+j1.28295457805e-001
  +1.39414286283e-001+j9.54890484513e-002
  +1.18669046759e-001+j6.79468398463e-002
  +9.47362485549e-002+j4.58590114258e-002
  +6.83928532140e-002+j2.93604440136e-002
  +4.03792064613e-002+j1.85422202440e-002
  +1.14103352176e-002+j1.34592539341e-002
  -1.78133027327e-002+j1.41348625124e-002
  -4.65954271953e-002+j2.05627774118e-002
  -7.42336627419e-002+j3.27068141025e-002
  -1.00009134665e-001+j5.04981718915e-002
  -1.23175708193e-001+j7.38300799399e-002
  -1.42948713087e-001+j1.02549226491e-001
  -1.58493129840e-001+j1.36443079490e-001
  -1.68911457590e-001+j1.75221806493e-001
  -1.73231911062e-001+j2.18493014419e-001
  -1.70398321700e-001+j2.65726958695e-001
  -1.59264327518e-001+j3.16209266523e-001
  -1.38596389891e-001+j3.68977731549e-001
  -1.07093222192e-001+j4.22739722323e-001
  -6.34337370932e-002+j4.75767940879e-001
  -6.37182784172e-003+j5.25776057306e-001
  +6.50963060234e-002+j5.69784483955e-001
  +1.51460386186e-001+j6.04003665790e-001
  +2.52289312825e-001+j6.23791387122e-001
  +3.65680836365e-001+j6.23782078284e-001
  +4.87621412626e-001+j5.98328545353e-001
  +6.11430354594e-001+j5.42403332414e-001
  +7.27624935449e-001+j4.53009052042e-001
  +8.24648711553e-001+j3.30875414261e-001
  +8.90758516994e-001+j1.81814533979e-001
  +9.16815914864e-001+j1.68412321399e-002
  +8.98973947898e-001-j1.49535861344e-001
  +8.39928438000e-001-j3.02492261052e-001
  +7.48029558138e-001-j4.30205595317e-001
  +6.34759660815e-001-j5.25885865559e-001
  +5.11869144707e-001-j5.87958931954e-001
  +3.89289146580e-001-j6.18866910247e-001
  +2.74207922714e-001-j6.23376496545e-001
  +1.71083456698e-001-j6.07092236341e-001
  +8.21520055208e-002-j5.75463530155e-001
  +8.06892792835e-003-j5.33270727999e-001
  -5.15193962824e-002-j4.84450866080e-001
  -9.75432811676e-002-j4.32117536101e-001
  -1.31216092694e-001-j3.78668960755e-001
  -1.53850758765e-001-j3.25921259064e-001
  -1.66754049099e-001-j2.75235310773e-001
  -1.71171673091e-001-j2.27624611981e-001
  -1.68264652192e-001-j1.83841458109e-001
  -1.59103894737e-001-j1.44443258750e-001
  -1.44674706992e-001-j1.09842325331e-001
  -1.25886250372e-001-j8.03426099477e-002
  -1.03583072177e-001-j5.61664409038e-002
  -7.85571557469e-002-j3.74737047429e-002
  -5.15597332752e-002-j2.43753442358e-002
  -2.33125742571e-002-j1.69425399893e-002
  +5.48126842745e-003-j1.52125294462e-002
  +3.41271247804e-002-j1.91916779126e-002
  +6.19285816002e-002-j2.88561307343e-002
  +8.81773320009e-002-j4.41501208017e-002
  +1.12142778163e-001-j6.49817581732e-002
  +1.33061214388e-001-j9.12158660123e-002
  +1.50124523181e-001-j1.22663126641e-001
  +1.62468512891e-001-j1.59064441705e-001
  +1.69161370128e-001-j2.00068974018e-001
  +1.69193289257e-001-j2.45203821940e-001
  +1.61469322959e-001-j2.93832710123e-001
  +1.44809091113e-001-j3.45100568262e-001
  +1.17959489859e-001-j3.97860670583e-001
  +7.96303121720e-002-j4.50581673624e-001
  +2.85680037201e-002-j5.01234479670e-001
  -3.63105368518e-002-j5.47165226725e-001
  -1.15695615393e-001-j5.84973723293e-001
  -2.09543255909e-001-j6.10439793676e-001
  -3.16596001879e-001-j6.18575234893e-001
  -4.33790091477e-001-j6.03920896885e-001
  -5.55665352345e-001-j5.61232731625e-001
  -6.74037439517e-001-j4.86653985164e-001
  -7.78328459935e-001-j3.79281601026e-001
  -8.56929217395e-001-j2.42685805822e-001
  -8.99600842550e-001-j8.55961794707e-002
  -9.00239173851e-001+j7.90024960767e-002
  -8.58775948042e-001+j2.36441899570e-001
  -7.81198599497e-001+j3.73674040084e-001
  -6.77678057851e-001+j4.81867747573e-001
</dep>
<dep S[1,2] frequency>
  +2.56082222100e-002+j1.23322471739e-001
  +9.32550417502e-002+j2.28422976691e-001
  +1.92592282444e-001+j3.02363460412e-001
  +3.09381041410e-001+j3.38746801642e-001
  +4.29859259984e-001+j3.37506933285e-001
  +5.43108779727e-001+j3.03013004094e-001
  +6.41812689597e-001+j2.41835028310e-001
  +7.21916569674e-001+j1.60999312426e-001
  +7.81827484744e-001+j6.69590673384e-002
  +8.21582650975e-001-j3.48462730937e-002
  +8.42181206909e-001-j1.40064671166e-001
  +8.45117914721e-001-j2.45323589990e-001
  +8.32088568106e-001-j3.48058143422e-001
  +8.04819391118e-001-j4.46336638203e-001
  +7.64977645402e-001-j5.38709368278e-001
  +7.14131790844e-001-j6.24087606244e-001
  +6.53740046191e-001-j7.01651136303e-001
  +5.85154120812e-001-j7.70779606343e-001
  +5.09630261826e-001-j8.31002526126e-001
  +4.28343179775e-001-j8.81963341220e-001
  +3.42400499715e-001-j9.23393914322e-001
  +2.52856612532e-001-j9.55096624898e-001
  +1.60725503649e-001-j9.76932043615e-001
  +6.69925256927e-002-j9.88810733180e-001
  -2.73747102137e-002-j9.90688192412e-001
  -1.21416044492e-001-j9.82562327524e-001
  -2.14168752704e-001-j9.64473136226e-001
  -3.04657461525e-001-j9.36504557033e-001
  -3.91883668580e-001-j8.98788696603e-001
  -4.74814580647e-001-j8.51512929915e-001
  -5.52371076287e-001-j7.94930700369e-001
  -6.23414775384e-001-j7.29377259226e-001
  -6.86734524026e-001-j6.55292105536e-001
  -7.41033186191e-001-j5.73250539314e-001
  -7.84916648102e-001-j4.84007514901e-001
  -8.16888657264e-001-j3.88557798731e-001
  -8.35357932247e-001-j2.88217055174e-001
  -8.38668414028e-001-j1.84728333382e-001
  -8.25170131552e-001-j8.03963080229e-002
  -7.93357110263e-001+j2.17547292178e-002
  -7.42108884425e-001+j1.17817529713e-001
  -6.71078788865e-001+j2.02879336628e-001
  -5.81263486353e-001+j2.71031938045e-001
  -4.75741529870e-001+j3.15666210003e-001
  -3.60453784242e-001+j3.30249545108e-001
  -2.44702479562e-001+j3.09744709560e-001
  -1.40836510741e-001+j2.52591606851e-001
  -6.25848597014e-002+j1.62689673447e-001
  -2.19884231410e-002+j5.03063575046e-002
  -2.58573388777e-002-j6.91417272227e-002
  -7.34607186764e-002-j1.78502615968e-001
  -1.56789923559e-001-j2.63119585833e-001
  -2.63233831679e-001-j3.13894539441e-001
  -3.79146889949e-001-j3.28057548334e-001
  -4.92687798293e-001-j3.07964563270e-001
  -5.95203208957e-001-j2.59048999394e-001
  -6.81344115353e-001-j1.87923902946e-001
  -7.48480815004e-001-j1.01090530482e-001
  -7.95914990418e-001-j4.26755308082e-003
  -8.24169715018e-001+j9.78361784826e-002
  -8.34456347556e-001+j2.01498013800e-001
  -8.28317583710e-001+j3.03846897715e-001
  -8.07408729941e-001+j4.02699400496e-001
  -7.73374768551e-001+j4.96405980053e-001
  -7.27788628232e-001+j5.83722346415e-001
  -6.72126144446e-001+j6.63708304671e-001
  -6.07761698925e-001+j7.35651132904e-001
  -5.35974666003e-001+j7.99008928234e-001
  -4.57960867598e-001+j8.53369406598e-001
  -3.74845803559e-001+j8.98420321436e-001
  -2.87697979274e-001+j9.33928481739e-001
  -1.97541566885e-001+j9.59725100171e-001
  -1.05368159181e-001+j9.75695826127e-001
  -1.21476648931e-002+j9.81774316252e-001
  +8.11614515307e-002+j9.77938589166e-001
  +1.73602305890e-001+j9.64209730992e-001
  +2.64209795124e-001+j9.40652793147e-001
  +3.52000552345e-001+j9.07379981253e-001
  +4.35962375241e-001+j8.64556500883e-001
  +5.15042918818e-001+j8.12409728906e-001
  +5.88137584867e-001+j7.51242746283e-001
  +6.54076802499e-001+j6.81453726634e-001
  +7.11613362888e-001+j6.03563246602e-001
  +7.59411286888e-001+j5.18252271003e-001
  +7.96039085571e-001+j4.26414317970e-001
  +8.19972545974e-001+j3.29225958255e-001
  +8.29615780203e-001+j2.28239933173e-001
  +8.23354719408e-001+j1.25503898529e-001
  +7.99664834129e-001+j2.37033989884e-002
  +7.57304064493e-001-j7.36828330298e-002
  +6.95629772570e-001-j1.62248206189e-001
  +6.15076778872e-001-j2.36613524451e-001
  +5.17805219074e-001-j2.90593471430e-001
  +4.08445874127e-001-j3.17747591220e-001
  +2.94715231048e-001-j3.12490803343e-001
  +1.87469971678e-001-j2.71797712295e-001
  +9.96644585223e-002-j1.97168990253e-001
  +4.39266350852e-002-j9.60212522719e-002
  +2.92282819605e-002+j1.85796401643e-002
  +5.80264075736e-002+j1.30373724236e-001
  +1.25417938528e-001+j2.23801060408e-001
  +2.20810279413e-001+j2.87567334852e-001
  +3.31131458565e-001+j3.16356056325e-001
  +4.43960724078e-001+j3.10417117974e-001
  +5.49480407521e-001+j2.73859036781e-001
  +6.41085150913e-001+j2.12706834612e-001
  +7.15076062332e-001+j1.33390528429e-001
  +7.69964546792e-001+j4.18434131468e-002
  +8.05746073611e-001-j5.68950529676e-002
  +8.23309337892e-001-j1.58756381076e-001
  +8.24017543557e-001-j2.60557365102e-001
  +8.09438981286e-001-j3.59853430941e-001
  +7.81187479238e-001-j4.54785785425e-001
  +7.40836216604e-001-j5.43946557288e-001
  +6.89877233833e-001-j6.26269308170e-001
  +6.29707756512e-001-j7.00944322322e-001
  +5.61631280987e-001-j7.67355017389e-001
  +4.86866113245e-001-j8.25031162201e-001
  +4.06557135798e-001-j8.73614959915e-001
  +3.21788495131e-001-j9.12836764665e-001
  +2.33596056255e-001-j9.42497936892e-001
  +1.42979145865e-001-j9.62458989224e-001
  +5.09114894830e-002-j9.72631704158e-001
  -4.16485407177e-002-j9.72974327799e-001
  -1.33748140072e-001-j9.63489284960e-001
  -2.24430468645e-001-j9.44223147359e-001
  -3.12724938833e-001-j9.15268845557e-001
  -3.97637117982e-001-j8.76770372326e-001
  -4.78138025311e-001-j8.28930506115e-001
  -5.53152714907e-001-j7.72022414174e-001
  -6.21548246868e-001-j7.06406401621e-001
  -6.82121525810e-001-j6.32553577771e-001
  -7.33588142749e-001-j5.51078822874e-001
  -7.74574470807e-001-j4.62786128277e-001
  -8.03617104669e-001-j3.68730035149e-001
  -8.19176672153e-001-j2.70297211813e-001
  -8.19677537666e-001-j1.69311529691e-001
  -8.03591341879e-001-j6.81630225671e-002
  -7.69590519148e-001+j3.00464814782e-002
  -7.16806099967e-001+j1.21364122522e-001
  -6.45226649247e-001+j2.00904838757e-001
  -5.56259590974e-001+j2.62923748187e-001
  -4.53420952618e-001+j3.01188902909e-001
  -3.43000747958e-001+j3.09827236292e-001
  -2.34371063864e-001+j2.84745362030e-001
  -1.39448328125e-001+j2.25468537962e-001
  -7.08989742767e-002+j1.36793960285e-001
  -3.92065693751e-002+j2.92731274918e-002
  -4.95834737914e-002-j8.22837140275e-002
  -1.00238665755e-001-j1.82106463242e-001
  -1.82991612830e-001-j2.57203078674e-001
  -2.85870364259e-001-j2.99854580900e-001
  -3.96293785461e-001-j3.08059459704e-001
  -5.03495861221e-001-j2.84333064393e-001
  -5.99657177925e-001-j2.33857605374e-001
  -6.79953424078e-001-j1.62811432745e-001
  -7.42015608863e-001-j7.72404283761e-002
  -7.85224828955e-001+j1.75292342321e-002
  -8.10078426000e-001+j1.17092055421e-001
  -8.17711511024e-001+j2.17943918487e-001
  -8.09573584357e-001+j3.17363588659e-001
  -7.87227902015e-001+j4.13266531301e-001
  -7.52236861017e-001+j5.04066453500e-001
  -7.06103057440e-001+j5.88558370308e-001
  -6.50244214040e-001+j6.65825845504e-001
  -5.85987541677e-001+j7.35170154480e-001
  -5.14574505868e-001+j7.96057507217e-001
  -4.37170613614e-001+j8.48080397554e-001
  -3.54877163915e-001+j8.90929678526e-001
  -2.68743338148e-001+j9.24374653512e-001
  -1.79777862416e-001+j9.48249128164e-001
  -8.89599715728e-002+j9.62441924867e-001
  +2.75031425430e-003+j9.66890813538e-001
  +9.44024370409e-002+j9.61579177156e-001
  +1.85045831506e-001+j9.46535031959e-001
  +2.73720468152e-001+j9.21832286607e-001
  +3.59447141922e-001+j8.87594376893e-001
  +4.41217278784e-001+j8.44000677400e-001
  +5.17982120922e-001+j7.91296393659e-001
  +5.88641319516e-001+j7.29807002449e-001
  +6.52031267548e-001+j6.59958756357e-001
  +7.06914034543e-001+j5.82307314543e-001
  +7.51968665355e-001+j4.97577190877e-001
  +7.85788096020e-001+j4.06715345918e-001
  +8.06887335509e-001+j3.10962676492e-001
  +8.13732264091e-001+j2.11946891278e-001
  +8.04803801890e-001+j1.11798322345e-001
  +7.78719383091e-001+j1.32848098059e-002
  +7.34441614677e-001-j8.00500365895e-002
  +6.71608989265e-001-j1.63783146353e-001
  +5.91016531641e-001-j2.32616878797e-001
  +4.95238343932e-001-j2.80613749353e-001
  +3.89296345609e-001-j3.01820438689e-001
  +2.81128714166e-001-j2.91416988441e-001
  +1.81441513663e-001-j2.47358961744e-001
  +1.02488761329e-001-j1.72118484498e-001
  +5.56437775147e-002-j7.37038548763e-002
  +4.83547378771e-002+j3.49571231383e-002
  +8.17944992376e-002+j1.38553873192e-001
  +1.50469374841e-001+j2.22984970996e-001
  +2.44013442074e-001+j2.78403325219e-001
  +3.50163284561e-001+j3.00502928245e-001
  +4.57502085663e-001+j2.89965491134e-001
  +5.57101018699e-001+j2.50857164774e-001
  +6.42985685480e-001+j1.88888578304e-001
  +7.11824179982e-001+j1.10082859089e-001
  +7.62291116754e-001+j1.99853475995e-002
  +7.94413854656e-001-j7.66842502340e-002
  +8.09040800882e-001-j1.76099030328e-001
  +8.07462608998e-001-j2.75248084530e-001
  +7.91166332366e-001-j3.71804783774e-001
  +7.61688147781e-001-j4.63988608197e-001
  +7.20532537271e-001-j5.50442363904e-001
  +6.69133343681e-001-j6.30131771557e-001
  +6.08839733127e-001-j7.02267226340e-001
  +5.40916107483e-001-j7.66244666091e-001
  +4.66549238696e-001-j8.21601791003e-001
  +3.86858680624e-001-j8.67986139441e-001
  +3.02908267941e-001-j9.05132118959e-001
  +2.15717581039e-001-j9.32844733358e-001
  +1.26272890223e-001-j9.50988322196e-001
  +3.55374588446e-002-j9.59479108548e-001
  -5.55387100602e-002-j9.58280740207e-001
  -1.46009490348e-001-j9.47402328975e-001
  -2.34923369097e-001-j9.26898766176e-001
  -3.21314048656e-001-j8.96873344337e-001
  -4.04190684843e-001-j8.57482968913e-001
  -4.82527599389e-001-j8.08946523654e-001
  -5.55253438821e-001-j7.51557282275e-001
  -6.21239996034e-001-j6.85700659611e-001
  -6.79291337960e-001-j6.11879083064e-001
  -7.28134610769e-001-j5.30746336365e-001
  -7.66415103496e-001-j4.43154332729e-001
  -7.92700104755e-001-j3.50215762178e-001
  -8.05499134104e-001-j2.53386072916e-001
  -8.03312651606e-001-j1.54567052867e-001
  -7.84727557856e-001-j5.62304882258e-002
  -7.48585192031e-001+j3.84483617978e-002
  -6.94253727579e-001+j1.25474847495e-001
  -6.22035486531e-001+j1.99993065461e-001
  -5.33717785403e-001+j2.56416029891e-001
  -4.33213541686e-001+j2.88868297970e-001
  -3.27117525868e-001+j2.92088255248e-001
  -2.24841602694e-001+j2.62839392916e-001
  -1.37886691629e-001+j2.01608303429e-001
  -7.79559937518e-002+j1.13960970580e-001
  -5.41636990491e-002+j1.06640652638e-002
  -7.03483308394e-002-j9.40229489925e-002
  -1.23821477427e-001-j1.85524762976e-001
  -2.06256187400e-001-j2.52267184678e-001
  -3.06209044501e-001-j2.87706396464e-001
  -4.11984140883e-001-j2.90511446824e-001
  -5.13720162299e-001-j2.63363665546e-001
  -6.04313721907e-001-j2.11264023081e-001
  -6.79406406983e-001-j1.40045454273e-001
  -7.36875828033e-001-j5.53789426368e-002
  -7.76194327968e-001+j3.77412788839e-002
  -7.97856544558e-001+j1.35172853671e-001
  -8.02946553394e-001+j2.33606259843e-001
  -7.92843602641e-001+j3.30457524414e-001
  -7.69037950918e-001+j4.23735706346e-001
  -7.33024428909e-001+j5.11916736282e-001
  -6.86246775753e-001+j5.93836217936e-001
  -6.30073209827e-001+j6.68603852405e-001
  -5.65790165081e-001+j7.35537678390e-001
  -4.94605930127e-001+j7.94114785197e-001
  -4.17659203507e-001+j8.43935018115e-001
  -3.36029696191e-001+j8.84694628868e-001
  -2.50749230914e-001+j9.16167419811e-001
  -1.62812585460e-001+j9.38191511083e-001
  -7.31877967820e-002+j9.50660362003e-001
  +1.71740880661e-002+j9.53517092121e-001
  +1.07329680146e-001+j9.46751486750e-001
  +1.96334127255e-001+j9.30399357530e-001
  +2.83231966838e-001+j9.04544183837e-001
  +3.67047726785e-001+j8.69321208435e-001
  +4.46776097128e-001+j8.24924423673e-001
  +5.21371601403e-001+j7.71617185130e-001
  +5.89737892240e-001+j7.09747549727e-001
  +6.50717140551e-001+j6.39769871923e-001
  +7.03080576841e-001+j5.62274708658e-001
  +7.45522224923e-001+j4.78029650883e-001
  +7.76659461778e-001+j3.88034212005e-001
  +7.95046541931e-001+j2.93592102652e-001
  +7.99210994441e-001+j1.96403556601e-001
  +7.87728113105e-001+j9.86777830643e-002
  +7.59355446085e-001+j3.25924724812e-003
  +7.13255779987e-001-j8.62515361642e-002
  +6.49339217383e-001-j1.65425159155e-001
  +5.68742913921e-001-j2.29056123998e-001
  +4.74424386618e-001-j2.71460802568e-001
  +3.71752045740e-001-j2.87164393431e-001
  +2.68833324960e-001-j2.72074047054e-001
  +1.76184364865e-001-j2.25046223775e-001
  +1.05368014761e-001-j1.49407251549e-001
  +6.65923871377e-002-j5.36403819245e-002
  +6.59465982034e-002+j4.95173658313e-002
  +1.03499635369e-001+j1.45645866457e-001
  +1.73280552194e-001+j2.21944755728e-001
  +2.65150601356e-001+j2.69828920908e-001
</dep>
<dep S[2,1] frequency>
  +2.56082222100e-002+j1.23322471739e-001
  +9.32550417502e-002+j2.28422976691e-001
  +1.92592282444e-001+j3.02363460412e-001
  +3.09381041410e-001+j3.38746801642e-001
  +4.29859259984e-001+j3.37506933285e-001
  +5.43108779727e-001+j3.03013004094e-001
  +6.41812689597e-001+j2.41835028310e-001
  +7.21916569674e-001+j1.60999312426e-001
  +7.81827484744e-001+j6.69590673384e-002
  +8.21582650975e-001-j3.48462730937e-002
  +8.42181206909e-001-j1.40064671166e-001
  +8.45117914721e-001-j2.45323589990e-001
  +8.32088568106e-001-j3.48058143422e-001
  +8.04819391118e-001-j4.46336638203e-001
  +7.64977645402e-001-j5.38709368278e-001
  +7.14131790844e-001-j6.24087606244e-001
  +6.53740046191e-001-j7.01651136303e-001
  +5.85154120812e-001-j7.70779606343e-001
  +5.09630261826e-001-j8.31002526126e-001
  +4.28343179775e-001-j8.81963341220e-001
  +3.42400499715e-001-j9.23393914322e-001
  +2.52856612532e-001-j9.55096624898e-001
  +1.60725503649e-001-j9.76932043615e-001
  +6.69925256927e-002-j9.88810733180e-001
  -2.73747102137e-002-j9.90688192412e-001
  -1.21416044492e-001-j9.82562327524e-001
  -2.14168752704e-001-j9.64473136226e-001
  -3.04657461525e-001-j9.36504557033e-001
  -3.91883668580e-001-j8.98788696603e-001
  -4.74814580647e-001-j8.51512929915e-001
  -5.52371076287e-001-j7.94930700369e-001
  -6.23414775384e-001-j7.29377259226e-001
  -6.86734524026e-001-j6.55292105536e-001
  -7.41033186191e-001-j5.73250539314e-001
  -7.84916648102e-001-j4.84007514901e-001
  -8.16888657264e-001-j3.88557798731e-001
  -8.35357932247e-001-j2.88217055174e-001
  -8.38668414028e-001-j1.84728333382e-001
  -8.25170131552e-001-j8.03963080229e-002
  -7.93357110263e-001+j2.17547292178e-002
  -7.42108884425e-001+j1.17817529713e-001
  -6.71078788865e-001+j2.02879336628e-001
  -5.81263486353e-001+j2.71031938045e-001
  -4.75741529870e-001+j3.15666210003e-001
  -3.60453784242e-001+j3.30249545108e-001
  -2.44702479562e-001+j3.09744709560e-001
  -1.40836510741e-001+j2.52591606851e-001
  -6.25848597014e-002+j1.62689673447e-001
  -2.19884231410e-002+j5.03063575046e-002
  -2.58573388777e-002-j6.91417272227e-002
  -7.34607186764e-002-j1.78502615968e-001
  -1.56789923559e-001-j2.63119585833e-001
  -2.63233831679e-001-j3.13894539441e-001
  -3.79146889949e-001-j3.28057548334e-001
  -4.92687798293e-001-j3.07964563270e-001
  -5.95203208957e-001-j2.59048999394e-001
  -6.81344115353e-001-j1.87923902946e-001
  -7.48480815004e-001-j1.01090530482e-001
  -7.95914990418e-001-j4.26755308082e-003
  -8.24169715018e-001+j9.78361784826e-002
  -8.34456347556e-001+j2.01498013800e-001
  -8.28317583710e-001+j3.03846897715e-001
  -8.07408729941e-001+j4.02699400496e-001
  -7.73374768551e-001+j4.96405980053e-001
  -7.27788628232e-001+j5.83722346415e-001
  -6.72126144446e-001+j6.63708304671e-001
  -6.07761698925e-001+j7.35651132904e-001
  -5.35974666003e-001+j7.99008928234e-001
  -4.57960867598e-001+j8.53369406598e-001
  -3.74845803559e-001+j8.98420321436e-001
  -2.87697979274e-001+j9.33928481739e-001
  -1.97541566885e-001+j9.59725100171e-001
  -1.05368159181e-001+j9.75695826127e-001
  -1.21476648931e-002+j9.81774316252e-001
  +8.11614515307e-002+j9.77938589166e-001
  +1.73602305890e-001+j9.64209730992e-001
  +2.64209795124e-001+j9.40652793147e-001
  +3.52000552345e-001+j9.07379981253e-001
  +4.35962375241e-001+j8.64556500883e-001
  +5.15042918818e-001+j8.12409728906e-001
  +5.88137584867e-001+j7.51242746283e-001
  +6.54076802499e-001+j6.81453726634e-001
  +7.11613362888e-001+j6.03563246602e-001
  +7.59411286888e-001+j5.18252271003e-001
  +7.96039085571e-001+j4.26414317970e-001
  +8.19972545974e-001+j3.29225958255e-001
  +8.29615780203e-001+j2.28239933173e-001
  +8.23354719408e-001+j1.25503898529e-001
  +7.99664834129e-001+j2.37033989884e-002
  +7.57304064493e-001-j7.36828330298e-002
  +6.95629772570e-001-j1.62248206189e-001
  +6.15076778872e-001-j2.36613524451e-001
  +5.17805219074e-001-j2.90593471430e-001
  +4.08445874127e-001-j3.17747591220e-001
  +2.94715231048e-001-j3.12490803343e-001
  +1.87469971678e-001-j2.71797712295e-001
  +9.96644585223e-002-j1.97168990253e-001
  +4.39266350852e-002-j9.60212522719e-002
  +2.92282819605e-002+j1.85796401643e-002
  +5.80264075736e-002+j1.30373724236e-001
  +1.25417938528e-001+j2.23801060408e-001
  +2.20810279413e-001+j2.87567334852e-001
  +3.31131458565e-001+j3.16356056325e-001
  +4.43960724078e-001+j3.10417117974e-001
  +5.49480407521e-001+j2.73859036781e-001
  +6.41085150913e-001+j2.12706834612e-001
  +7.15076062332e-001+j1.33390528429e-001
  +7.69964546792e-001+j4.18434131468e-002
  +8.05746073611e-001-j5.68950529676e-002
  +8.23309337892e-001-j1.58756381076e-001
  +8.24017543557e-001-j2.60557365102e-001
  +8.09438981286e-001-j3.59853430941e-001
  +7.81187479238e-001-j4.54785785425e-001
  +7.40836216604e-001-j5.43946557288e-001
  +6.89877233833e-001-j6.26269308170e-001
  +6.29707756512e-001-j7.00944322322e-001
  +5.61631280987e-001-j7.67355017389e-001
  +4.86866113245e-001-j8.25031162201e-001
  +4.06557135798e-001-j8.73614959915e-001
  +3.21788495131e-001-j9.12836764665e-001
  +2.33596056255e-001-j9.42497936892e-001
  +1.42979145865e-001-j9.62458989224e-001
  +5.09114894830e-002-j9.72631704158e-001
  -4.16485407177e-002-j9.72974327799e-001
  -1.33748140072e-001-j9.63489284960e-001
  -2.24430468645e-001-j9.44223147359e-001
  -3.12724938833e-001-j9.15268845557e-001
  -3.97637117982e-001-j8.76770372326e-001
  -4.78138025311e-001-j8.28930506115e-001
  -5.53152714907e-001-j7.72022414174e-001
  -6.21548246868e-001-j7.06406401621e-001
  -6.82121525810e-001-j6.32553577771e-001
  -7.33588142749e-001-j5.51078822874e-001
  -7.74574470807e-001-j4.62786128277e-001
  -8.03617104669e-001-j3.68730035149e-001
  -8.19176672153e-001-j2.70297211813e-001
  -8.19677537666e-001-j1.69311529691e-001
  -8.03591341879e-001-j6.81630225671e-002
  -7.69590519148e-001+j3.00464814782e-002
  -7.16806099967e-001+j1.21364122522e-001
  -6.45226649247e-001+j2.00904838757e-001
  -5.56259590974e-001+j2.62923748187e-001
  -4.53420952618e-001+j3.01188902909e-001
  -3.43000747958e-001+j3.09827236292e-001
  -2.34371063864e-001+j2.84745362030e-001
  -1.39448328125e-001+j2.25468537962e-001
  -7.08989742767e-002+j1.36793960285e-001
  -3.92065693751e-002+j2.92731274918e-002
  -4.95834737914e-002-j8.22837140275e-002
  -1.00238665755e-001-j1.82106463242e-001
  -1.82991612830e-001-j2.57203078674e-001
  -2.85870364259e-001-j2.99854580900e-001
  -3.96293785461e-001-j3.08059459704e-001
  -5.03495861221e-001-j2.84333064393e-001
  -5.99657177925e-001-j2.33857605374e-001
  -6.79953424078e-001-j1.62811432745e-001
  -7.42015608863e-001-j7.72404283761e-002
  -7.85224828955e-001+j1.75292342321e-002
  -8.10078426000e-001+j1.17092055421e-001
  -8.17711511024e-001+j2.17943918487e-001
  -8.09573584357e-001+j3.17363588659e-001
  -7.87227902015e-001+j4.13266531301e-001
  -7.52236861017e-001+j5.04066453500e-001
  -7.06103057440e-001+j5.88558370308e-001
  -6.50244214040e-001+j6.65825845504e-001
  -5.85987541677e-001+j7.35170154480e-001
  -5.14574505868e-001+j7.96057507217e-001
  -4.37170613614e-001+j8.48080397554e-001
  -3.54877163915e-001+j8.90929678526e-001
  -2.68743338148e-001+j9.24374653512e-001
  -1.79777862416e-001+j9.48249128164e-001
  -8.89599715728e-002+j9.62441924867e-001
  +2.75031425430e-003+j9.66890813538e-001
  +9.44024370409e-002+j9.61579177156e-001
  +1.85045831506e-001+j9.46535031959e-001
  +2.73720468152e-001+j9.21832286607e-001
  +3.59447141922e-001+j8.87594376893e-001
  +4.41217278784e-001+j8.44000677400e-001
  +5.17982120922e-001+j7.91296393659e-001
  +5.88641319516e-001+j7.29807002449e-001
  +6.52031267548e-001+j6.59958756357e-001
  +7.06914034543e-001+j5.82307314543e-001
  +7.51968665355e-001+j4.97577190877e-001
  +7.85788096020e-001+j4.06715345918e-001
  +8.06887335509e-001+j3.10962676492e-001
  +8.13732264091e-001+j2.11946891278e-001
  +8.04803801890e-001+j1.11798322345e-001
  +7.78719383091e-001+j1.32848098059e-002
  +7.34441614677e-001-j8.00500365895e-002
  +6.71608989265e-001-j1.63783146353e-001
  +5.91016531641e-001-j2.32616878797e-001
  +4.95238343932e-001-j2.80613749353e-001
  +3.89296345609e-001-j3.01820438689e-001
  +2.81128714166e-001-j2.91416988441e-001
  +1.81441513663e-001-j2.47358961744e-001
  +1.02488761329e-001-j1.72118484498e-001
  +5.56437775147e-002-j7.37038548763e-002
  +4.83547378771e-002+j3.49571231383e-002
  +8.17944992376e-002+j1.38553873192e-001
  +1.50469374841e-001+j2.22984970996e-001
  +2.44013442074e-001+j2.78403325219e-001
  +3.50163284561e-001+j3.00502928245e-001
  +4.57502085663e-001+j2.89965491134e-001
  +5.57101018699e-001+j2.50857164774e-001
  +6.42985685480e-001+j1.88888578304e-001
  +7.11824179982e-001+j1.10082859089e-001
  +7.62291116754e-001+j1.99853475995e-002
  +7.94413854656e-001-j7.66842502340e-002
  +8.09040800882e-001-j1.76099030328e-001
  +8.07462608998e-001-j2.75248084530e-001
  +7.91166332366e-001-j3.71804783774e-001
  +7.61688147781e-001-j4.63988608197e-001
  +7.20532537271e-001-j5.50442363904e-001
  +6.69133343681e-001-j6.30131771557e-001
  +6.08839733127e-001-j7.02267226340e-001
  +5.40916107483e-001-j7.66244666091e-001
  +4.66549238696e-001-j8.21601791003e-001
  +3.86858680624e-001-j8.67986139441e-001
  +3.02908267941e-001-j9.05132118959e-001
  +2.15717581039e-001-j9.32844733358e-001
  +1.26272890223e-001-j9.50988322196e-001
  +3.55374588446e-002-j9.59479108548e-001
  -5.55387100602e-002-j9.58280740207e-001
  -1.46009490348e-001-j9.47402328975e-001
  -2.34923369097e-001-j9.26898766176e-001
  -3.21314048656e-001-j8.96873344337e-001
  -4.04190684843e-001-j8.57482968913e-001
  -4.82527599389e-001-j8.08946523654e-001
  -5.55253438821e-001-j7.51557282275e-001
  -6.21239996034e-001-j6.85700659611e-001
  -6.79291337960e-001-j6.11879083064e-001
  -7.28134610769e-001-j5.30746336365e-001
  -7.66415103496e-001-j4.43154332729e-001
  -7.92700104755e-001-j3.50215762178e-001
  -8.05499134104e-001-j2.53386072916e-001
  -8.03312651606e-001-j1.54567052867e-001
  -7.84727557856e-001-j5.62304882258e-002
  -7.48585192031e-001+j3.84483617978e-002
  -6.94253727579e-001+j1.25474847495e-001
  -6.22035486531e-001+j1.99993065461e-001
  -5.33717785403e-001+j2.56416029891e-001
  -4.33213541686e-001+j2.88868297970e-001
  -3.27117525868e-001+j2.92088255248e-001
  -2.24841602694e-001+j2.62839392916e-001
  -1.37886691629e-001+j2.01608303429e-001
  -7.79559937518e-002+j1.13960970580e-001
  -5.41636990491e-002+j1.06640652638e-002
  -7.03483308394e-002-j9.40229489925e-002
  -1.23821477427e-001-j1.85524762976e-001
  -2.06256187400e-001-j2.52267184678e-001
  -3.06209044501e-001-j2.87706396464e-001
  -4.11984140883e-001-j2.90511446824e-001
  -5.13720162299e-001-j2.63363665546e-001
  -6.04313721907e-001-j2.11264023081e-001
  -6.79406406983e-001-j1.40045454273e-001
  -7.36875828033e-001-j5.53789426368e-002
  -7.76194327968e-001+j3.77412788839e-002
  -7.97856544558e-001+j1.35172853671e-001
  -8.02946553394e-001+j2.33606259843e-001
  -7.92843602641e-001+j3.30457524414e-001
  -7.69037950918e-001+j4.23735706346e-001
  -7.33024428909e-001+j5.11916736282e-001
  -6.86246775753e-001+j5.93836217936e-001
  -6.30073209827e-001+j6.68603852405e-001
  -5.65790165081e-001+j7.35537678390e-001
  -4.94605930127e-001+j7.94114785197e-001
  -4.17659203507e-001+j8.43935018115e-001
  -3.36029696191e-001+j8.84694628868e-001
  -2.50749230914e-001+j9.16167419811e-001
  -1.62812585460e-001+j9.38191511083e-001
  -7.31877967820e-002+j9.50660362003e-001
  +1.71740880661e-002+j9.53517092121e-001
  +1.07329680146e-001+j9.46751486750e-001
  +1.96334127255e-001+j9.30399357530e-001
  +2.83231966838e-001+j9.04544183837e-001
  +3.67047726785e-001+j8.69321208435e-001
  +4.46776097128e-001+j8.24924423673e-001
  +5.21371601403e-001+j7.71617185130e-001
  +5.89737892240e-001+j7.09747549727e-001
  +6.50717140551e-001+j6.39769871923e-001
  +7.03080576841e-001+j5.62274708658e-001
  +7.45522224923e-001+j4.78029650883e-001
  +7.76659461778e-001+j3.88034212005e-001
  +7.95046541931e-001+j2.93592102652e-001
  +7.99210994441e-001+j1.96403556601e-001
  +7.87728113105e-001+j9.86777830643e-002
  +7.59355446085e-001+j3.25924724812e-003
  +7.13255779987e-001-j8.62515361642e-002
  +6.49339217383e-001-j1.65425159155e-001
  +5.68742913921e-001-j2.29056123998e-001
  +4.74424386618e-001-j2.71460802568e-001
  +3.71752045740e-001-j2.87164393431e-001
  +2.68833324960e-001-j2.72074047054e-001
  +1.76184364865e-001-j2.25046223775e-001
  +1.05368014761e-001-j1.49407251549e-001
  +6.65923871377e-002-j5.36403819245e-002
  +6.59465982034e-002+j4.95173658313e-002
  +1.03499635369e-001+j1.45645866457e-001
  +1.73280552194e-001+j2.21944755728e-001
  +2.65150601356e-001+j2.69828920908e-001
</dep>
<dep S[2,2] frequency>
  -9.71437184085e-001+j1.86789604966e-001
  -8.97323156533e-001+j3.55046977998e-001
  -7.87606593200e-001+j4.91595218916e-001
  -6.56529198224e-001+j5.89790342395e-001
  -5.17896316333e-001+j6.49320290169e-001
  -3.82692545180e-001+j6.74311419624e-001
  -2.58319759171e-001+j6.71095611500e-001
  -1.48933931737e-001+j6.46466878443e-001
  -5.62450233983e-002+j6.06653032182e-001
  +1.96525166615e-002+j5.56875980350e-001
  +7.96122532936e-002+j5.01279027899e-001
  +1.24970174040e-001+j4.43035642495e-001
  +1.57250813779e-001+j3.84522126439e-001
  +1.77997395156e-001+j3.27492848092e-001
  +1.88683209177e-001+j2.73232171659e-001
  +1.90672583529e-001+j2.22676138672e-001
  +1.85210285251e-001+j1.76505554848e-001
  +1.73426127638e-001+j1.35215202757e-001
  +1.56346923376e-001+j9.91643513744e-002
  +1.34911344333e-001+j6.86131311176e-002
  +1.09985331661e-001+j4.37484410955e-002
  +8.23769275762e-002+j2.47021762081e-002
  +5.28501023029e-002+j1.15638164220e-002
  +2.21375389208e-002+j4.38882563592e-003
  -9.04745315424e-003+j3.20384255440e-003
  -3.99996200276e-002+j8.00927912442e-003
  -7.00107168152e-002+j1.87796406809e-002
  -9.83583956856e-002+j3.54616154387e-002
  -1.24294704027e-001+j5.79697207953e-002
  -1.47033911349e-001+j8.61790121625e-002
  -1.65739475005e-001+j1.19914028065e-001
  -1.79510131240e-001+j1.58932733111e-001
  -1.87365423900e-001+j2.02903699021e-001
  -1.88231566125e-001+j2.51374112483e-001
  -1.80929544613e-001+j3.03725424696e-001
  -1.64169092098e-001+j3.59112640411e-001
  -1.36554967564e-001+j4.16382625029e-001
  -9.66164183798e-002+j4.73966959320e-001
  -4.28773001497e-002+j5.29746991519e-001
  +2.60067139504e-002+j5.80895092820e-001
  +1.11007270732e-001+j6.23710521629e-001
  +2.12335643204e-001+j6.53496036905e-001
  +3.28873746814e-001+j6.64567079694e-001
  +4.57436064304e-001+j6.50545411902e-001
  +5.91989652727e-001+j6.05135611627e-001
  +7.23155458510e-001+j5.23542971668e-001
  +8.38523324726e-001+j4.04454283331e-001
  +9.24318812863e-001+j2.52019234826e-001
  +9.68471555157e-001+j7.67578793051e-002
  +9.64158043802e-001-j1.05659231191e-001
  +9.12111948655e-001-j2.77825885464e-001
  +8.20360827258e-001-j4.24831832220e-001
  +7.01550777163e-001-j5.37327186796e-001
  +5.69378239719e-001-j6.12292990406e-001
  +4.35751107016e-001-j6.51839924943e-001
  +3.09404750452e-001-j6.61160887287e-001
  +1.95785297518e-001-j6.46634125757e-001
  +9.76342736197e-002-j6.14532765811e-001
  +1.57760667040e-002-j5.70354933620e-001
  -5.01725905764e-002-j5.18597409810e-001
  -1.01270082540e-001-j4.62780103578e-001
  -1.38893582352e-001-j4.05581474165e-001
  -1.64520996706e-001-j3.49003275919e-001
  -1.79608749493e-001-j2.94525027087e-001
  -1.85530815875e-001-j2.43233329164e-001
  -1.83554487991e-001-j1.95923657847e-001
  -1.74836858322e-001-j1.53177566525e-001
  -1.60432145040e-001-j1.15419866842e-001
  -1.41304057565e-001-j8.29602985907e-002
  -1.18339965403e-001-j5.60235218818e-002
  -9.23651883415e-002-j3.47704495029e-002
  -6.41566404622e-002-j1.93131873200e-002
  -3.44555830804e-002-j9.72522673700e-003
  -3.97953128953e-003-j6.04803576846e-003
  +2.65664868885e-002-j8.29480135930e-003
  +5.64790430937e-002-j1.64517559520e-002
  +8.50454862658e-002-j3.04772467490e-002
  +1.11532878686e-001-j5.02984489351e-002
  +1.35176413757e-001-j7.58053575719e-002
  +1.55167110568e-001-j1.06841390055e-001
  +1.70638721664e-001-j1.43189564211e-001
  +1.80654052328e-001-j1.84552758900e-001
  +1.84191358363e-001-j2.30525992510e-001
  +1.80132304867e-001-j2.80557968044e-001
  +1.67254349661e-001-j3.33898381485e-001
  +1.44232687236e-001-j3.89526841421e-001
  +1.09660494722e-001-j4.46059117798e-001
  +6.21016646677e-002-j5.01627715024e-001
  +1.97809154066e-004-j5.53738167740e-001
  -7.71394783586e-002-j5.99112968121e-001
  -1.70412288479e-001-j6.33556080111e-001
  -2.79058924135e-001-j6.51907341517e-001
  -4.00806553310e-001-j6.48208062186e-001
  -5.30926331010e-001-j6.16251088173e-001
  -6.61618731395e-001-j5.50690373271e-001
  -7.81959391187e-001-j4.48744322168e-001
  -8.78941893922e-001-j3.12161187730e-001
  -9.39902076560e-001-j1.48607945703e-001
  -9.55847916342e-001+j2.85974132552e-002
  -9.24318218474e-001+j2.02942047121e-001
  -8.50227939344e-001+j3.58613408398e-001
  -7.44197575398e-001+j4.84065866520e-001
  -6.19342901387e-001+j5.73733919270e-001
  -4.88144194184e-001+j6.27621759631e-001
  -3.60494125437e-001+j6.49596506690e-001
  -2.43088228527e-001+j6.45447060572e-001
  -1.39730375678e-001+j6.21373545047e-001
  -5.20285200963e-002+j5.83086517415e-001
  +1.98795563534e-002+j5.35410751876e-001
  +7.67359455788e-002+j4.82208971995e-001
  +1.19744491062e-001+j4.26468366437e-001
  +1.50302011947e-001+j3.70448029289e-001
  +1.69839448686e-001+j3.15832557923e-001
  +1.79736417482e-001+j2.63867613122e-001
  +1.81281504344e-001+j2.15470060654e-001
  +1.75659412593e-001+j1.71313282957e-001
  +1.63952908552e-001+j1.31891316173e-001
  +1.47152253463e-001+j9.75661243883e-002
  +1.26167892758e-001+j6.86019507661e-002
  +1.01844091527e-001+j4.51899756612e-002
  +7.49723588734e-002+j2.74657750577e-002
  +4.63041787506e-002+j1.55214262019e-002
  +1.65629486579e-002+j9.41357817026e-003
  -1.35447611509e-002+j9.16838236712e-003
  -4.33184046917e-002+j1.47838371812e-002
  -7.20528387046e-002+j2.62298148033e-002
  -9.90275939604e-002+j4.34457796262e-002
  -1.23495768167e-001+j6.63359508144e-002
  -1.44672323835e-001+j9.47613809289e-002
  -1.61721686897e-001+j1.28528091875e-001
  -1.73744752143e-001+j1.67370002935e-001
  -1.79765778561e-001+j2.10924880901e-001
  -1.78720314426e-001+j2.58700930704e-001
  -1.69446406250e-001+j3.10030955338e-001
  -1.50683185125e-001+j3.64010361966e-001
  -1.21083862231e-001+j4.19414976412e-001
  -7.92546566027e-002+j4.74595308504e-001
  -2.38376025727e-002+j5.27346886230e-001
  +4.63366186061e-002+j5.74763872224e-001
  +1.31991512918e-001+j6.13099032665e-001
  +2.33006420176e-001+j6.37681734951e-001
  +3.47855720141e-001+j6.42989461705e-001
  +4.72919562648e-001+j6.23019665517e-001
  +6.01818901206e-001+j5.72134788344e-001
  +7.25107762813e-001+j4.86482108296e-001
  +8.30811275510e-001+j3.65831730565e-001
  +9.06220236518e-001+j2.15228892045e-001
  +9.40824154092e-001+j4.54753229777e-002
  +9.29399693331e-001-j1.28367318396e-001
  +8.73742892830e-001-j2.90277354600e-001
  +7.82055269803e-001-j4.27012019106e-001
  +6.66345639867e-001-j5.30603471170e-001
  +5.39247730573e-001-j5.98804207623e-001
  +4.11595662761e-001-j6.33887446025e-001
  +2.91292190260e-001-j6.40798103310e-001
  +1.83259859858e-001-j6.25483031721e-001
  +8.99803931364e-002-j5.93763344642e-001
  +1.21994615926e-002-j5.50748082860e-001
  -5.04399854894e-002-j5.00634124487e-001
  -9.89198146217e-002-j4.46726316708e-001
  -1.34523949396e-001-j3.91556779740e-001
  -1.58638407920e-001-j3.37031850400e-001
  -1.72637406140e-001-j2.84571258070e-001
  -1.77825177965e-001-j2.35225728888e-001
  -1.75411705922e-001-j1.89770365595e-001
  -1.66507923340e-001-j1.48776052956e-001
  -1.52131355973e-001-j1.12662748493e-001
  -1.33216814685e-001-j8.17385902563e-002
  -1.10629078924e-001-j5.62282200316e-002
  -8.51759434199e-002-j3.62930306468e-002
  -5.76208563137e-002-j2.20453910362e-002
  -2.86948745045e-002-j1.35583462252e-002
  +8.92056982492e-004-j1.08718375525e-002
  +3.04403420494e-002-j1.39961241541e-002
  +5.92502504510e-002-j2.29127854249e-002
  +8.66114478228e-002-j3.75734200818e-002
  +1.11792276107e-001-j5.78959054329e-002
  +1.34028560788e-001-j8.37578158776e-002
  +1.52511809606e-001-j1.14986297796e-001
  +1.66376835757e-001-j1.51343334140e-001
  +1.74689141904e-001-j1.92504883785e-001
  +1.76432930738e-001-j2.38031835189e-001
  +1.70501507933e-001-j2.87330084840e-001
  +1.55693334132e-001-j3.39596415968e-001
  +1.30719378273e-001-j3.93746425908e-001
  +9.42311262996e-002-j4.48321016061e-001
  +4.48840020495e-002-j5.01369897097e-001
  -1.85418612529e-002-j5.50315974984e-001
  -9.69336171467e-002-j5.91816316994e-001
  -1.90515597562e-001-j6.21657648225e-001
  -2.98369217852e-001-j6.34760393091e-001
  -4.17810928111e-001-j6.25412519354e-001
  -5.43723912562e-001-j5.87892635270e-001
  -6.68090029426e-001-j5.17618247383e-001
  -7.80138502528e-001-j4.12786960907e-001
  -8.67566113207e-001-j2.76116542559e-001
  -9.18966046161e-001-j1.15863537262e-001
  -9.26872469598e-001+j5.47944014539e-002
  -8.90110777708e-001+j2.20296254314e-001
  -8.14188819484e-001+j3.66290572368e-001
  -7.09502530809e-001+j4.82681667635e-001
  -5.88361068162e-001+j5.64917367658e-001
  -4.62242527420e-001+j6.13436644253e-001
  -3.40152303208e-001+j6.32067314424e-001
  -2.28156338249e-001+j6.26287040576e-001
  -1.29692687120e-001+j6.01892290413e-001
  -4.62070563798e-002+j5.64208966106e-001
  +2.21939078072e-002+j5.17745441581e-001
  +7.62114675058e-002+j4.66126247247e-001
  +1.16976587822e-001+j4.12169691598e-001
  +1.45804737661e-001+j3.58020354124e-001
  +1.64049308619e-001+j3.05287988495e-001
  +1.73021537135e-001+j2.55170993383e-001
  +1.73952342559e-001+j2.08557462990e-001
  +1.67979111003e-001+j1.66104015142e-001
  +1.56146464859e-001+j1.28295457805e-001
  +1.39414286283e-001+j9.54890484513e-002
  +1.18669046759e-001+j6.79468398463e-002
  +9.47362485549e-002+j4.58590114258e-002
  +6.83928532140e-002+j2.93604440136e-002
  +4.03792064613e-002+j1.85422202440e-002
  +1.14103352176e-002+j1.34592539341e-002
  -1.78133027327e-002+j1.41348625124e-002
  -4.65954271953e-002+j2.05627774118e-002
  -7.42336627419e-002+j3.27068141025e-002
  -1.00009134665e-001+j5.04981718915e-002
  -1.23175708193e-001+j7.38300799399e-002
  -1.42948713087e-001+j1.02549226491e-001
  -1.58493129840e-001+j1.36443079490e-001
  -1.68911457590e-001+j1.75221806493e-001
  -1.73231911062e-001+j2.18493014419e-001
  -1.70398321700e-001+j2.65726958695e-001
  -1.59264327518e-001+j3.16209266523e-001
  -1.38596389891e-001+j3.68977731549e-001
  -1.07093222192e-001+j4.22739722323e-001
  -6.34337370932e-002+j4.75767940879e-001
  -6.37182784172e-003+j5.25776057306e-001
  +6.50963060234e-002+j5.69784483955e-001
  +1.51460386186e-001+j6.04003665790e-001
  +2.52289312825e-001+j6.23791387122e-001
  +3.65680836365e-001+j6.23782078284e-001
  +4.87621412626e-001+j5.98328545353e-001
  +6.11430354594e-001+j5.42403332414e-001
  +7.27624935449e-001+j4.53009052042e-001
  +8.24648711553e-001+j3.30875414261e-001
  +8.90758516994e-001+j1.81814533979e-001
  +9.16815914864e-001+j1.68412321399e-002
  +8.98973947898e-001-j1.49535861344e-001
  +8.39928438000e-001-j3.02492261052e-001
  +7.48029558138e-001-j4.30205595317e-001
  +6.34759660815e-001-j5.25885865559e-001
  +5.11869144707e-001-j5.87958931954e-001
  +3.89289146580e-001-j6.18866910247e-001
  +2.74207922714e-001-j6.23376496545e-001
  +1.71083456698e-001-j6.07092236341e-001
  +8.21520055208e-002-j5.75463530155e-001
  +8.06892792835e-003-j5.33270727999e-001
  -5.15193962824e-002-j4.84450866080e-001
  -9.75432811676e-002-j4.32117536101e-001
  -1.31216092694e-001-j3.78668960755e-001
  -1.53850758765e-001-j3.25921259064e-001
  -1.66754049099e-001-j2.75235310773e-001
  -1.71171673091e-001-j2.27624611981e-001
  -1.68264652192e-001-j1.83841458109e-001
  -1.59103894737e-001-j1.44443258750e-001
  -1.44674706992e-001-j1.09842325331e-001
  -1.25886250372e-001-j8.03426099477e-002
  -1.03583072177e-001-j5.61664409038e-002
  -7.85571557469e-002-j3.74737047429e-002
  -5.15597332752e-002-j2.43753442358e-002
  -2.33125742571e-002-j1.69425399893e-002
  +5.48126842745e-003-j1.52125294462e-002
  +3.41271247804e-002-j1.91916779126e-002
  +6.19285816002e-002-j2.88561307343e-002
  +8.81773320009e-002-j4.41501208017e-002
  +1.12142778163e-001-j6.49817581732e-002
  +1.33061214388e-001-j9.12158660123e-002
  +1.50124523181e-001-j1.22663126641e-001
  +1.62468512891e-001-j1.59064441705e-001
  +1.69161370128e-001-j2.00068974018e-001
  +1.69193289257e-001-j2.45203821940e-001
  +1.61469322959e-001-j2.93832710123e-001
  +1.44809091113e-001-j3.45100568262e-001
  +1.17959489859e-001-j3.97860670583e-001
  +7.96303121720e-002-j4.50581673624e-001
  +2.85680037201e-002-j5.01234479670e-001
  -3.63105368518e-002-j5.47165226725e-001
  -1.15695615393e-001-j5.84973723293e-001
  -2.09543255909e-001-j6.10439793676e-001
  -3.16596001879e-001-j6.18575234893e-001
  -4.33790091477e-001-j6.03920896885e-001
  -5.55665352345e-001-j5.61232731625e-001
  -6.74037439517e-001-j4.86653985164e-001
  -7.78328459935e-001-j3.79281601026e-001
  -8.56929217395e-001-j2.42685805822e-001
  -8.99600842550e-001-j8.55961794707e-002
  -9.00239173851e-001+j7.90024960767e-002
  -8.58775948042e-001+j2.36441899570e-001
  -7.81198599497e-001+j3.73674040084e-001
  -6.77678057851e-001+j4.81867747573e-001
</dep>
