<Qucs Dataset 0.0.18>
<indep frequency 300>
  +1.00000000000e+006
  +2.00000000000e+006
  +3.00000000000e+006
  +4.00000000000e+006
  +5.00000000000e+006
  +6.00000000000e+006
  +7.00000000000e+006
  +8.00000000000e+006
  +9.00000000000e+006
  +1.00000000000e+007
  +1.10000000000e+007
  +1.20000000000e+007
  +1.30000000000e+007
  +1.40000000000e+007
  +1.50000000000e+007
  +1.60000000000e+007
  +1.70000000000e+007
  +1.80000000000e+007
  +1.90000000000e+007
  +2.00000000000e+007
  +2.10000000000e+007
  +2.20000000000e+007
  +2.30000000000e+007
  +2.40000000000e+007
  +2.50000000000e+007
  +2.60000000000e+007
  +2.70000000000e+007
  +2.80000000000e+007
  +2.90000000000e+007
  +3.00000000000e+007
  +3.10000000000e+007
  +3.20000000000e+007
  +3.30000000000e+007
  +3.40000000000e+007
  +3.50000000000e+007
  +3.60000000000e+007
  +3.70000000000e+007
  +3.80000000000e+007
  +3.90000000000e+007
  +4.00000000000e+007
  +4.10000000000e+007
  +4.20000000000e+007
  +4.30000000000e+007
  +4.40000000000e+007
  +4.50000000000e+007
  +4.60000000000e+007
  +4.70000000000e+007
  +4.80000000000e+007
  +4.90000000000e+007
  +5.00000000000e+007
  +5.10000000000e+007
  +5.20000000000e+007
  +5.30000000000e+007
  +5.40000000000e+007
  +5.50000000000e+007
  +5.60000000000e+007
  +5.70000000000e+007
  +5.80000000000e+007
  +5.90000000000e+007
  +6.00000000000e+007
  +6.10000000000e+007
  +6.20000000000e+007
  +6.30000000000e+007
  +6.40000000000e+007
  +6.50000000000e+007
  +6.60000000000e+007
  +6.70000000000e+007
  +6.80000000000e+007
  +6.90000000000e+007
  +7.00000000000e+007
  +7.10000000000e+007
  +7.20000000000e+007
  +7.30000000000e+007
  +7.40000000000e+007
  +7.50000000000e+007
  +7.60000000000e+007
  +7.70000000000e+007
  +7.80000000000e+007
  +7.90000000000e+007
  +8.00000000000e+007
  +8.10000000000e+007
  +8.20000000000e+007
  +8.30000000000e+007
  +8.40000000000e+007
  +8.50000000000e+007
  +8.60000000000e+007
  +8.70000000000e+007
  +8.80000000000e+007
  +8.90000000000e+007
  +9.00000000000e+007
  +9.10000000000e+007
  +9.20000000000e+007
  +9.30000000000e+007
  +9.40000000000e+007
  +9.50000000000e+007
  +9.60000000000e+007
  +9.70000000000e+007
  +9.80000000000e+007
  +9.90000000000e+007
  +1.00000000000e+008
  +1.01000000000e+008
  +1.02000000000e+008
  +1.03000000000e+008
  +1.04000000000e+008
  +1.05000000000e+008
  +1.06000000000e+008
  +1.07000000000e+008
  +1.08000000000e+008
  +1.09000000000e+008
  +1.10000000000e+008
  +1.11000000000e+008
  +1.12000000000e+008
  +1.13000000000e+008
  +1.14000000000e+008
  +1.15000000000e+008
  +1.16000000000e+008
  +1.17000000000e+008
  +1.18000000000e+008
  +1.19000000000e+008
  +1.20000000000e+008
  +1.21000000000e+008
  +1.22000000000e+008
  +1.23000000000e+008
  +1.24000000000e+008
  +1.25000000000e+008
  +1.26000000000e+008
  +1.27000000000e+008
  +1.28000000000e+008
  +1.29000000000e+008
  +1.30000000000e+008
  +1.31000000000e+008
  +1.32000000000e+008
  +1.33000000000e+008
  +1.34000000000e+008
  +1.35000000000e+008
  +1.36000000000e+008
  +1.37000000000e+008
  +1.38000000000e+008
  +1.39000000000e+008
  +1.40000000000e+008
  +1.41000000000e+008
  +1.42000000000e+008
  +1.43000000000e+008
  +1.44000000000e+008
  +1.45000000000e+008
  +1.46000000000e+008
  +1.47000000000e+008
  +1.48000000000e+008
  +1.49000000000e+008
  +1.50000000000e+008
  +1.51000000000e+008
  +1.52000000000e+008
  +1.53000000000e+008
  +1.54000000000e+008
  +1.55000000000e+008
  +1.56000000000e+008
  +1.57000000000e+008
  +1.58000000000e+008
  +1.59000000000e+008
  +1.60000000000e+008
  +1.61000000000e+008
  +1.62000000000e+008
  +1.63000000000e+008
  +1.64000000000e+008
  +1.65000000000e+008
  +1.66000000000e+008
  +1.67000000000e+008
  +1.68000000000e+008
  +1.69000000000e+008
  +1.70000000000e+008
  +1.71000000000e+008
  +1.72000000000e+008
  +1.73000000000e+008
  +1.74000000000e+008
  +1.75000000000e+008
  +1.76000000000e+008
  +1.77000000000e+008
  +1.78000000000e+008
  +1.79000000000e+008
  +1.80000000000e+008
  +1.81000000000e+008
  +1.82000000000e+008
  +1.83000000000e+008
  +1.84000000000e+008
  +1.85000000000e+008
  +1.86000000000e+008
  +1.87000000000e+008
  +1.88000000000e+008
  +1.89000000000e+008
  +1.90000000000e+008
  +1.91000000000e+008
  +1.92000000000e+008
  +1.93000000000e+008
  +1.94000000000e+008
  +1.95000000000e+008
  +1.96000000000e+008
  +1.97000000000e+008
  +1.98000000000e+008
  +1.99000000000e+008
  +2.00000000000e+008
  +2.01000000000e+008
  +2.02000000000e+008
  +2.03000000000e+008
  +2.04000000000e+008
  +2.05000000000e+008
  +2.06000000000e+008
  +2.07000000000e+008
  +2.08000000000e+008
  +2.09000000000e+008
  +2.10000000000e+008
  +2.11000000000e+008
  +2.12000000000e+008
  +2.13000000000e+008
  +2.14000000000e+008
  +2.15000000000e+008
  +2.16000000000e+008
  +2.17000000000e+008
  +2.18000000000e+008
  +2.19000000000e+008
  +2.20000000000e+008
  +2.21000000000e+008
  +2.22000000000e+008
  +2.23000000000e+008
  +2.24000000000e+008
  +2.25000000000e+008
  +2.26000000000e+008
  +2.27000000000e+008
  +2.28000000000e+008
  +2.29000000000e+008
  +2.30000000000e+008
  +2.31000000000e+008
  +2.32000000000e+008
  +2.33000000000e+008
  +2.34000000000e+008
  +2.35000000000e+008
  +2.36000000000e+008
  +2.37000000000e+008
  +2.38000000000e+008
  +2.39000000000e+008
  +2.40000000000e+008
  +2.41000000000e+008
  +2.42000000000e+008
  +2.43000000000e+008
  +2.44000000000e+008
  +2.45000000000e+008
  +2.46000000000e+008
  +2.47000000000e+008
  +2.48000000000e+008
  +2.49000000000e+008
  +2.50000000000e+008
  +2.51000000000e+008
  +2.52000000000e+008
  +2.53000000000e+008
  +2.54000000000e+008
  +2.55000000000e+008
  +2.56000000000e+008
  +2.57000000000e+008
  +2.58000000000e+008
  +2.59000000000e+008
  +2.60000000000e+008
  +2.61000000000e+008
  +2.62000000000e+008
  +2.63000000000e+008
  +2.64000000000e+008
  +2.65000000000e+008
  +2.66000000000e+008
  +2.67000000000e+008
  +2.68000000000e+008
  +2.69000000000e+008
  +2.70000000000e+008
  +2.71000000000e+008
  +2.72000000000e+008
  +2.73000000000e+008
  +2.74000000000e+008
  +2.75000000000e+008
  +2.76000000000e+008
  +2.77000000000e+008
  +2.78000000000e+008
  +2.79000000000e+008
  +2.80000000000e+008
  +2.81000000000e+008
  +2.82000000000e+008
  +2.83000000000e+008
  +2.84000000000e+008
  +2.85000000000e+008
  +2.86000000000e+008
  +2.87000000000e+008
  +2.88000000000e+008
  +2.89000000000e+008
  +2.90000000000e+008
  +2.91000000000e+008
  +2.92000000000e+008
  +2.93000000000e+008
  +2.94000000000e+008
  +2.95000000000e+008
  +2.96000000000e+008
  +2.97000000000e+008
  +2.98000000000e+008
  +2.99000000000e+008
  +3.00000000000e+008
</indep>
<dep phaseS21 frequency>
  -5.46435116343e+000
  -1.09389834653e+001
  -1.64353794756e+001
  -2.19653014814e+001
  -2.75411475772e+001
  -3.31762304894e+001
  -3.88850678199e+001
  -4.46836975024e+001
  -5.05900234123e+001
  -5.66241899470e+001
  -6.28089752153e+001
  -6.91701765632e+001
  -7.57369346202e+001
  -8.25418954533e+001
  -8.96210337566e+001
  -9.70128376325e+001
  -1.04756365548e+002
  -1.12887393120e+002
  -1.21431380583e+002
  -1.30390944331e+002
  -1.39722127251e+002
  -1.49278070488e+002
  -1.58595014558e+002
  -1.64973045897e+002
  -2.10544351648e+001
  -1.81995821043e+001
  -2.69826628236e+001
  -3.65159420778e+001
  -4.59500660568e+001
  -5.50548316788e+001
  -6.37549347146e+001
  -7.20382229157e+001
  -7.99230015047e+001
  -8.74419958838e+001
  -9.46334973949e+001
  -1.01536447809e+002
  -1.08187864775e+002
  -1.14621659654e+002
  -1.20868256792e+002
  -1.26954649837e+002
  -1.32904676922e+002
  -1.38739388911e+002
  -1.44477441588e+002
  -1.50135476423e+002
  -1.55728474110e+002
  -1.61270075992e+002
  -1.66772874401e+002
  -1.72248675920e+002
  -1.77708742982e+002
  +1.76835980241e+002
  +1.71374651534e+002
  +1.65896317859e+002
  +1.60389700083e+002
  +1.54842969397e+002
  +1.49243509796e+002
  +1.43577661577e+002
  +1.37830441882e+002
  +1.31985240637e+002
  +1.26023494573e+002
  +1.19924350149e+002
  +1.13664340688e+002
  +1.07217128444e+002
  +1.00553405756e+002
  +9.36411226536e+001
  +8.64463300693e+001
  +7.89351301151e+001
  +7.10775704245e+001
  +6.28549660763e+001
  +5.42735985337e+001
  +4.53921024532e+001
  +3.63870416994e+001
  +2.77731845849e+001
  +2.17098949787e+001
  +5.73242078718e+001
  +1.58068690611e+002
  +1.54041775891e+002
  +1.45741951299e+002
  +1.36777571010e+002
  +1.27854236999e+002
  +1.19201194403e+002
  +1.10897878474e+002
  +1.02960201967e+002
  +9.53740552631e+001
  +8.81114627297e+001
  +8.11391168971e+001
  +7.44229354936e+001
  +6.79303865591e+001
  +6.16315428377e+001
  +5.54994251373e+001
  +4.95099637562e+001
  +4.36417691793e+001
  +3.78758203947e+001
  +3.21951298890e+001
  +2.65844155078e+001
  +2.10297927839e+001
  +1.55184920352e+001
  +1.00385994863e+001
  +4.57881903954e+000
  -8.71749955665e-001
  -6.32382414500e+000
  -1.17881422242e+001
  -1.72756710147e+001
  -2.27978168580e+001
  -2.83666473669e+001
  -3.39951280399e+001
  -3.96973771617e+001
  -4.54889403054e+001
  -5.13870817733e+001
  -5.74110830583e+001
  -6.35825254846e+001
  -6.99255116351e+001
  -7.64667413906e+001
  -8.32352924713e+001
  -9.02618438203e+001
  -9.75768903156e+001
  -1.05207164091e+002
  -1.13168844978e+002
  -1.21454744317e+002
  -1.30008802604e+002
  -1.38667750337e+002
  -1.46988004613e+002
  -1.53462403512e+002
  -1.47511574853e+002
  -3.64389484572e+001
  -2.63385649905e+001
  -3.24061209796e+001
  -4.06328128691e+001
  -4.92728394270e+001
  -5.78339395264e+001
  -6.61369747617e+001
  -7.41192484324e+001
  -8.17704535035e+001
  -8.91052711654e+001
  -9.61497578728e+001
  -1.02934165567e+002
  -1.09489154888e+002
  -1.15843894773e+002
  -1.22025221737e+002
  -1.28057385157e+002
  -1.33962104484e+002
  -1.39758781070e+002
  -1.45464776259e+002
  -1.51095707876e+002
  -1.56665740847e+002
  -1.62187861138e+002
  -1.67674129840e+002
  -1.73135918311e+002
  -1.78584127535e+002
  +1.75970604128e+002
  +1.70517700078e+002
  +1.65046446659e+002
  +1.59545791575e+002
  +1.54004134930e+002
  +1.48409108832e+002
  +1.42747342455e+002
  +1.37004211392e+002
  +1.31163573674e+002
  +1.25207501202e+002
  +1.19116026689e+002
  +1.12866945855e+002
  +1.06435748543e+002
  +9.97958102055e+001
  +9.29190737925e+001
  +8.57776213668e+001
  +7.83468341931e+001
  +7.06114055636e+001
  +6.25766784633e+001
  +5.42908751117e+001
  +4.58936303004e+001
  +3.77459072420e+001
  +3.09131280271e+001
  +3.02776503251e+001
  +9.45199489738e+001
  +1.50015235460e+002
  +1.48599720758e+002
  +1.41632122022e+002
  +1.33461604268e+002
  +1.25076177667e+002
  +1.16815157542e+002
  +1.08809653213e+002
  +1.01103931556e+002
  +9.37014260746e+001
  +8.65859679112e+001
  +7.97326391991e+001
  +7.31135234029e+001
  +6.67007168711e+001
  +6.04678161400e+001
  +5.43905530197e+001
  +4.84469613203e+001
  +4.26172960102e+001
  +3.68838307835e+001
  +3.12306044302e+001
  +2.56431539014e+001
  +2.01082530927e+001
  +1.46136655622e+001
  +9.14791330570e+000
  +3.70006037464e+000
  -1.74049165949e+000
  -7.18420027079e+000
  -1.26415748392e+001
  -1.81233701508e+001
  -2.36407847251e+001
  -2.92056677154e+001
  -3.48307372232e+001
  -4.05298111649e+001
  -4.63180487059e+001
  -5.22121946958e+001
  -5.82308097257e+001
  -6.43944514053e+001
  -7.07257432269e+001
  -7.72492174322e+001
  -8.39907329867e+001
  -9.09761227450e+001
  -9.82284640268e+001
  -1.05762881496e+002
  -1.13576788654e+002
  -1.21631059375e+002
  -1.29810573387e+002
  -1.37827121415e+002
  -1.44908821181e+002
  -1.48302995836e+002
  -1.28291716803e+002
  -4.15370913148e+001
  -3.19211695515e+001
  -3.66395928842e+001
  -4.40372362201e+001
  -5.21195054455e+001
  -6.02760433595e+001
  -6.82720703408e+001
  -7.60150096040e+001
  -8.34764271312e+001
  -9.06589398145e+001
  -9.75800614665e+001
  -1.04263758302e+002
  -1.10735956749e+002
  -1.17022207113e+002
  -1.23146551563e+002
  -1.29131064434e+002
  -1.34995760503e+002
  -1.40758696550e+002
  -1.46436166794e+002
  -1.52042936881e+002
  -1.57592486847e+002
  -1.63097248444e+002
  -1.68568830763e+002
  -1.74018232956e+002
  -1.79456045535e+002
  +1.75107356867e+002
  +1.69661627691e+002
  +1.64196261751e+002
  +1.58700405851e+002
  +1.53162663271e+002
  +1.47570889479e+002
  +1.41911977918e+002
  +1.36171637453e+002
  +1.30334167896e+002
  +1.24382248508e+002
  +1.18296768965e+002
  +1.12056757345e+002
  +1.05639502384e+002
  +9.90210402368e+001
  +9.21773015820e+001
  +8.50864361702e+001
  +7.77332397532e+001
  +7.01174256788e+001
  +6.22693484129e+001
  +5.42818294443e+001
  +4.63832930374e+001
  +3.91453834985e+001
  +3.42966223566e+001
  +4.00847126131e+001
  +1.08845400657e+002
  +1.44680554392e+002
  +1.44227801130e+002
  +1.38108025263e+002
  +1.30520166177e+002
  +1.22557292601e+002
  +1.14616753152e+002
  +1.06861247078e+002
  +9.93540144695e+001
  +9.21109988520e+001
  +8.51248565845e+001
  +7.83771682857e+001
  +7.18449268356e+001
  +6.55039952683e+001
  +5.93308892556e+001
  +5.33036197130e+001
  +4.74020109308e+001
  +4.16077325667e+001
  +3.59041823459e+001
  +3.02762971877e+001
  +2.47103358556e+001
  +1.91936559740e+001
  +1.37144964794e+001
  +8.26176980180e+000
  +2.82486423146e+000
  -2.60654518995e+000
  -8.04268002571e+000
  -1.34938393280e+001
  -1.89705814323e+001
</dep>
<dep phaseS11 frequency>
  -9.63111584940e+001
  -1.01559622831e+002
  -1.06959829769e+002
  -1.12436275278e+002
  -1.17979454881e+002
  -1.23594317311e+002
  -1.29291495213e+002
  -1.35085048172e+002
  -1.40991873299e+002
  -1.47031690980e+002
  -1.53227272298e+002
  -1.59604770461e+002
  -1.66194064488e+002
  -1.73029010814e+002
  +1.79852552248e+002
  +1.72409289414e+002
  +1.64597707227e+002
  +1.56374850241e+002
  +1.47702951225e+002
  +1.38556535561e+002
  +1.28931954060e+002
  +1.18858118343e+002
  +1.08405408826e+002
  +9.76881864748e+001
  +8.68567820166e+001
  +7.60785205928e+001
  +6.55129132279e+001
  +5.52895910568e+001
  +4.54959040155e+001
  +3.61758136908e+001
  +2.73369657326e+001
  +1.89612072733e+001
  +1.10148269396e+001
  +3.45665719182e+000
  -3.75635001828e+000
  -1.06657013380e+001
  -1.73094902012e+001
  -2.37215079299e+001
  -2.99308896570e+001
  -3.59619530083e+001
  -4.18339338282e+001
  -4.75602661864e+001
  -5.31467893576e+001
  -5.85874657107e+001
  -6.38537018812e+001
  -6.88642861688e+001
  -7.33802465315e+001
  -7.64587245866e+001
  -6.86306720705e+001
  +7.25853156658e+001
  +7.59461345546e+001
  +7.24839135974e+001
  +6.78552958652e+001
  +6.27909287000e+001
  +5.74893074031e+001
  +5.20194080322e+001
  +4.64049713545e+001
  +4.06496749924e+001
  +3.47463089140e+001
  +2.86805102604e+001
  +2.24323409037e+001
  +1.59769327447e+001
  +9.28475559740e+000
  +2.32184398492e+000
  -4.94971835269e+000
  -1.25707033789e+001
  -2.05825778383e+001
  -2.90237246171e+001
  -3.79235117836e+001
  -4.72939977277e+001
  -5.71199298606e+001
  -6.73491955526e+001
  -7.78875425065e+001
  -8.86018824634e+001
  -9.93343030732e+001
  -1.09924139686e+002
  -1.20230990431e+002
  -1.30150996203e+002
  -1.39622542346e+002
  -1.48622582328e+002
  -1.57157671041e+002
  -1.65253801660e+002
  -1.72947602623e+002
  +1.79720157892e+002
  +1.72708832366e+002
  +1.65980420902e+002
  +1.59500937127e+002
  +1.53241109077e+002
  +1.47176816432e+002
  +1.41289621947e+002
  +1.35567820002e+002
  +1.30008711607e+002
  +1.24623647172e+002
  +1.19449829237e+002
  +1.14581082695e+002
  +1.10263817293e+002
  +1.07301383552e+002
  +1.10176729712e+002
  -1.46715031741e+002
  -1.07933299345e+002
  -1.08185092858e+002
  -1.11752617968e+002
  -1.16294301451e+002
  -1.21280066969e+002
  -1.26531759575e+002
  -1.31979337914e+002
  -1.37595902679e+002
  -1.43375409861e+002
  -1.49323754986e+002
  -1.55454865818e+002
  -1.61788910056e+002
  -1.68351439966e+002
  -1.75172891047e+002
  +1.77711952112e+002
  +1.70264884604e+002
  +1.62446026211e+002
  +1.54216891081e+002
  +1.45545319483e+002
  +1.36412628756e+002
  +1.26822734169e+002
  +1.16811792990e+002
  +1.06455333312e+002
  +9.58687656770e+001
  +8.51981172314e+001
  +7.46014931910e+001
  +6.42265014953e+001
  +5.41912059600e+001
  +4.45741298001e+001
  +3.54141519641e+001
  +2.67173105620e+001
  +1.84663955331e+001
  +1.06301840931e+001
  +3.17076747511e+000
  -3.95134287358e+000
  -1.07739950486e+001
  -1.73315223780e+001
  -2.36536906326e+001
  -2.97650202917e+001
  -3.56840849790e+001
  -4.14223371465e+001
  -4.69817595553e+001
  -5.23499126359e+001
  -5.74888940174e+001
  -6.23083117113e+001
  -6.65884707693e+001
  -6.97034394891e+001
  -6.90989675892e+001
  -3.80978300841e+001
  +6.27616473158e+001
  +7.00652282376e+001
  +6.82509356222e+001
  +6.44433909008e+001
  +5.98595639780e+001
  +5.48668482052e+001
  +4.96069574228e+001
  +4.41398659323e+001
  +3.84892352240e+001
  +3.26597371607e+001
  +2.66445079298e+001
  +2.04286059199e+001
  +1.39907022694e+001
  +7.30399466906e+000
  +3.36889792348e-001
  -6.94613787515e+000
  -1.45831011906e+001
  -2.26119969837e+001
  -3.10667223483e+001
  -3.99709728540e+001
  -4.93300877650e+001
  -5.91217223288e+001
  -6.92876398281e+001
  -7.97302520860e+001
  -9.03175477282e+001
  -1.00897589537e+002
  -1.11319386869e+002
  -1.21453447852e+002
  -1.31205500710e+002
  -1.40520587102e+002
  -1.49379024440e+002
  -1.57787963685e+002
  -1.65772085687e+002
  -1.73365594040e+002
  +1.79393719813e+002
  +1.72468430255e+002
  +1.65823909262e+002
  +1.59429764678e+002
  +1.53260764823e+002
  +1.47297679946e+002
  +1.41528499692e+002
  +1.35950688028e+002
  +1.30575731958e+002
  +1.25438865203e+002
  +1.20621629525e+002
  +1.16311239632e+002
  +1.12990061688e+002
  +1.12265311047e+002
  +1.23565608831e+002
  -1.42492925175e+002
  -1.13838465235e+002
  -1.12430680304e+002
  -1.15129273863e+002
  -1.19169821604e+002
  -1.23838195746e+002
  -1.28876465625e+002
  -1.34175411798e+002
  -1.39686865111e+002
  -1.45392318806e+002
  -1.51289913707e+002
  -1.57388493275e+002
  -1.63704702218e+002
  -1.70261465182e+002
  -1.77087033421e+002
  +1.75785905662e+002
  +1.68321481862e+002
  +1.60482708152e+002
  +1.52234858147e+002
  +1.43550629498e+002
  +1.34417316120e+002
  +1.24845541642e+002
  +1.14877924804e+002
  +1.04594654850e+002
  +9.41122980245e+001
  +8.35734879721e+001
  +7.31287556983e+001
  +6.29157802170e+001
  +5.30428001364e+001
  +4.35806046998e+001
  +3.45633244427e+001
  +2.59951147318e+001
  +1.78590755169e+001
  +1.01257088342e+001
  +2.75961854638e+000
  -4.27577994694e+000
  -1.10152200350e+001
  -1.74897138461e+001
  -2.37253528814e+001
  -2.97423231897e+001
  -3.55536701211e+001
  -4.11631966674e+001
  -4.65614125313e+001
  -5.17171993649e+001
  -5.65593517440e+001
  -6.09310667680e+001
  -6.44582836411e+001
  -6.60615341544e+001
  -6.11801096526e+001
  -1.16466731193e+001
  +5.77475263313e+001
  +6.57480090797e+001
  +6.48304933664e+001
  +6.15570983229e+001
  +5.73099389908e+001
  +5.25419527988e+001
  +4.74377733757e+001
  +4.20805965588e+001
  +3.65075704716e+001
  +3.07316724850e+001
  +2.47514179977e+001
  +1.85555295829e+001
  +1.21253384181e+001
  +5.43616385161e+000
  -1.54165293688e+000
  -8.84158205903e+000
  -1.64991586555e+001
  -2.45491798220e+001
  -3.30213605471e+001
  -4.19341091033e+001
  -5.12865527591e+001
  -6.10498861343e+001
  -7.11604225366e+001
  -8.15177588147e+001
  -9.19910649466e+001
  -1.02433883339e+002
  -1.12703856317e+002
  -1.22681121138e+002
  -1.32279859349e+002
  -1.41451042930e+002
  -1.50178088488e+002
  -1.58468840074e+002
  -1.66346973902e+002
  -1.73844656034e+002
  +1.79002917595e+002
  +1.72161212543e+002
  +1.65598709972e+002
  +1.59288422298e+002
  +1.53209045565e+002
  +1.47346219147e+002
  +1.41694468732e+002
  +1.36260764210e+002
  +1.31071574237e+002
  +1.26187857860e+002
  +1.21740022424e+002
  +1.18021170790e+002
  +1.15791112286e+002
  +1.17642471555e+002
  +1.38538033474e+002
  -1.40689465376e+002
  -1.18047723323e+002
  -1.15910947460e+002
  -1.18054564638e+002
</dep>
<dep dBS21 frequency>
  -1.66172876190e-002
  -3.55256258073e-002
  -6.26749104375e-002
  -9.92289853991e-002
  -1.46318589161e-001
  -2.05317581644e-001
  -2.77973405780e-001
  -3.66529685025e-001
  -4.73875571627e-001
  -6.03743202327e-001
  -7.60976706773e-001
  -9.51904703239e-001
  -1.18486302929e+000
  -1.47093871207e+000
  -1.82504682144e+000
  -2.26752370185e+000
  -2.82655719969e+000
  -3.54206224890e+000
  -4.47228294310e+000
  -5.70617313573e+000
  -7.38995600247e+000
  -9.79568270197e+000
  -1.35540875339e+001
  -2.09975141141e+001
  -2.83949424100e+001
  -1.59315250728e+001
  -1.11624142144e+001
  -8.31179058512e+000
  -6.37593682781e+000
  -4.98109755789e+000
  -3.94122650272e+000
  -3.14808865245e+000
  -2.53271550146e+000
  -2.04865403286e+000
  -1.66348247768e+000
  -1.35401001818e+000
  -1.10334260744e+000
  -8.98992916598e-001
  -7.31618720185e-001
  -5.94159467470e-001
  -4.81234389123e-001
  -3.88716917700e-001
  -3.13430392796e-001
  -2.52928636713e-001
  -2.05336881419e-001
  -1.69236337018e-001
  -1.43580935663e-001
  -1.27638382777e-001
  -1.20950178136e-001
  -1.23307109510e-001
  -1.34738125918e-001
  -1.55511647961e-001
  -1.86149409935e-001
  -2.27453975104e-001
  -2.80552245682e-001
  -3.46958747190e-001
  -4.28664392029e-001
  -5.28259085842e-001
  -6.49100328201e-001
  -7.95545486014e-001
  -9.73273657150e-001
  -1.18973561191e+000
  -1.45479003590e+000
  -1.78161650002e+000
  -2.18805096995e+000
  -2.69859187880e+000
  -3.34753078019e+000
  -4.18412130386e+000
  -5.28184710669e+000
  -6.75709075503e+000
  -8.81321066284e+000
  -1.18704715116e+001
  -1.71154237115e+001
  -3.09199599792e+001
  -1.92748931223e+001
  -1.29439604025e+001
  -9.49961398560e+000
  -7.24344235941e+000
  -5.64638711028e+000
  -4.46786827017e+000
  -3.57500002022e+000
  -2.88565429109e+000
  -2.34551496798e+000
  -1.91709674364e+000
  -1.57378372839e+000
  -1.29628738735e+000
  -1.07040678710e+000
  -8.85551217510e-001
  -7.33736882083e-001
  -6.08891127549e-001
  -5.06362274076e-001
  -4.22570022255e-001
  -3.54753744330e-001
  -3.00790051514e-001
  -2.59060191115e-001
  -2.28353934119e-001
  -2.07800774127e-001
  -1.96822158750e-001
  -1.95100555679e-001
  -2.02562711542e-001
  -2.19375697183e-001
  -2.45955401153e-001
  -2.82988160458e-001
  -3.31467323930e-001
  -3.92747860938e-001
  -4.68623821483e-001
  -5.61435748648e-001
  -6.74218369121e-001
  -8.10903539188e-001
  -9.76600283651e-001
  -1.17798410959e+000
  -1.42384379138e+000
  -1.72585948356e+000
  -2.09972910901e+000
  -2.56683705620e+000
  -3.15680873614e+000
  -3.91161367378e+000
  -4.89263681816e+000
  -6.19415221982e+000
  -7.97277038539e+000
  -1.05248965357e+001
  -1.45536027204e+001
  -2.26035778646e+001
  -2.39208630138e+001
  -1.51009684739e+001
  -1.08524566108e+001
  -8.20096810771e+000
  -6.36618966273e+000
  -5.02914547469e+000
  -4.02420762619e+000
  -3.25272243342e+000
  -2.65087884704e+000
  -2.17523701546e+000
  -1.79522401245e+000
  -1.48881834881e+000
  -1.23988050881e+000
  -1.03641720761e+000
  -8.69413614904e-001
  -7.32028612395e-001
  -6.19030341540e-001
  -5.26394890741e-001
  -4.51017953533e-001
  -3.90506046808e-001
  -3.43024661564e-001
  -3.07187848098e-001
  -2.81978559096e-001
  -2.66692407881e-001
  -2.60899864495e-001
  -2.64423650564e-001
  -2.77329438169e-001
  -2.99929077469e-001
  -3.32796605932e-001
  -3.76798348029e-001
  -4.33139621559e-001
  -5.03432071593e-001
  -5.89787649090e-001
  -6.94948012561e-001
  -8.22462066441e-001
  -9.76930090252e-001
  -1.16434147144e+000
  -1.39254613092e+000
  -1.67192033453e+000
  -2.01632143131e+000
  -2.44448489282e+000
  -2.98212710333e+000
  -3.66524252494e+000
  -4.54559300074e+000
  -5.70066906094e+000
  -7.25404471688e+000
  -9.42408403818e+000
  -1.26683586530e+001
  -1.82676820318e+001
  -2.74888047493e+001
  -1.78081757231e+001
  -1.24334699908e+001
  -9.28132474830e+000
  -7.16205499193e+000
  -5.64119927674e+000
  -4.50872271265e+000
  -3.64487390080e+000
  -2.97423218570e+000
  -2.44628800607e+000
  -2.02586043963e+000
  -1.68778582460e+000
  -1.41371525079e+000
  -1.19006727156e+000
  -1.00666573579e+000
  -8.55807992145e-001
  -7.31614640061e-001
  -6.29568888865e-001
  -5.46186426053e-001
  -4.78776729489e-001
  -4.25269489981e-001
  -3.84088151688e-001
  -3.54058176649e-001
  -3.34341481551e-001
  -3.24391194428e-001
  -3.23922834384e-001
  -3.32899496682e-001
  -3.51529817732e-001
  -3.80278543570e-001
  -4.19890552958e-001
  -4.71430310398e-001
  -5.36340077831e-001
  -6.16521964567e-001
  -7.14451274725e-001
  -8.33331957983e-001
  -9.77309796347e-001
  -1.15176607694e+000
  -1.36372523963e+000
  -1.62242665070e+000
  -1.94013748024e+000
  -2.33332907600e+000
  -2.82442139184e+000
  -3.44446148076e+000
  -4.23745082070e+000
  -5.26787044425e+000
  -6.63517967444e+000
  -8.50582565643e+000
  -1.11976304452e+001
  -1.54609827952e+001
  -2.33783157934e+001
  -2.11872930924e+001
  -1.43164206240e+001
  -1.05164280230e+001
  -8.05150901426e+000
  -6.31542406540e+000
  -5.03679979084e+000
  -4.06851211345e+000
  -3.32077072683e+000
  -2.73460132608e+000
  -2.26942683459e+000
  -1.89645704244e+000
  -1.59481765554e+000
  -1.34912434180e+000
  -1.14788959700e+000
  -9.82442328526e-001
  -8.46178300480e-001
  -7.34031329883e-001
  -6.42095411830e-001
  -5.67352031590e-001
  -5.07472004646e-001
  -4.60670965890e-001
  -4.25604142039e-001
  -4.01290477531e-001
  -3.87059274829e-001
  -3.82514721976e-001
  -3.87515322913e-001
  -4.02166533605e-001
  -4.26825997067e-001
  -4.62121789852e-001
  -5.08985157807e-001
  -5.68700452703e-001
  -6.42976531964e-001
  -7.34045949069e-001
  -8.44801123722e-001
  -9.78980759485e-001
  -1.14142572405e+000
  -1.33843247509e+000
  -1.57824567873e+000
  -1.87175310900e+000
  -2.23348135136e+000
  -2.68305298399e+000
  -3.24738349546e+000
  -3.96413937227e+000
  -4.88753290009e+000
  -6.09892760867e+000
  -7.72867822708e+000
  -1.00084267552e+001
  -1.34221292272e+001
  -1.91993487327e+001
  -2.41845529522e+001
  -1.65855687234e+001
  -1.19445093719e+001
  -9.05358064244e+000
  -7.06299969403e+000
  -5.61584072047e+000
  -4.52894549420e+000
  -3.69451259926e+000
  -3.04333848656e+000
  -2.52848729261e+000
  -2.11696576814e+000
  -1.78500463515e+000
  -1.51516825919e+000
  -1.29448536916e+000
  -1.11319408103e+000
  -9.63877097999e-001
  -8.40854449256e-001
  -7.39750988123e-001
  -6.57184990340e-001
  -5.90542132025e-001
  -5.37810622811e-001
  -4.97460859003e-001
  -4.68358093152e-001
  -4.49700163844e-001
  -4.40974842509e-001
  -4.41933191956e-001
  -4.52576738541e-001
  -4.73157411349e-001
  -5.04190233059e-001
</dep>
<dep dBS11 frequency>
  -2.99597083127e+001
  -2.39231976842e+001
  -2.03694507507e+001
  -1.78234363514e+001
  -1.58228551123e+001
  -1.41617516895e+001
  -1.27302499376e+001
  -1.14627898991e+001
  -1.03171709001e+001
  -9.26475255392e+000
  -8.28540280483e+000
  -7.36472126660e+000
  -6.49246615917e+000
  -5.66167949780e+000
  -4.86825728333e+000
  -4.11082954140e+000
  -3.39086608476e+000
  -2.71293108605e+000
  -2.08497784926e+000
  -1.51850581035e+000
  -1.02831055104e+000
  -6.31499762778e-001
  -3.45531824519e-001
  -1.85370424717e-001
  -1.60402299598e-001
  -2.72210976309e-001
  -5.14178549295e-001
  -8.73102966384e-001
  -1.33209412355e+000
  -1.87361612971e+000
  -2.48182099409e+000
  -3.14388530434e+000
  -3.85049873446e+000
  -4.59582335190e+000
  -5.37722334703e+000
  -6.19497666146e+000
  -7.05209872821e+000
  -7.95436175110e+000
  -8.91058465130e+000
  -9.93330043912e+000
  -1.10399928010e+001
  -1.22552757038e+001
  -1.36147862022e+001
  -1.51724961320e+001
  -1.70156219471e+001
  -1.92989293620e+001
  -2.23393759656e+001
  -2.69700190759e+001
  -3.71192217613e+001
  -3.45358937502e+001
  -2.60497247335e+001
  -2.17857834463e+001
  -1.89046801146e+001
  -1.67107040001e+001
  -1.49250007925e+001
  -1.34075695734e+001
  -1.20781306344e+001
  -1.08864226292e+001
  -9.79899808229e+000
  -8.79264773252e+000
  -7.85086424478e+000
  -6.96185265187e+000
  -6.11740411888e+000
  -5.31229750946e+000
  -4.54405397120e+000
  -3.81294360800e+000
  -3.12216735133e+000
  -2.47812259111e+000
  -1.89061011107e+000
  -1.37276059812e+000
  -9.40386705545e-001
  -6.10482934299e-001
  -3.98811015553e-001
  -3.16960645450e-001
  -3.69775927681e-001
  -5.54178273060e-001
  -8.59919581866e-001
  -1.27191984430e+000
  -1.77321497308e+000
  -2.34754491057e+000
  -2.98106949235e+000
  -3.66318964765e+000
  -4.38672355206e+000
  -5.14773961513e+000
  -5.94528706247e+000
  -6.78118248325e+000
  -7.65995166572e+000
  -8.58900254878e+000
  -9.57911896138e+000
  -1.06454233789e+001
  -1.18090879433e+001
  -1.31003530432e+001
  -1.45640475828e+001
  -1.62703927492e+001
  -1.83384002588e+001
  -2.09946475961e+001
  -2.47592553757e+001
  -3.13344139054e+001
  -4.10580869650e+001
  -2.86760595617e+001
  -2.33791331528e+001
  -2.00656725935e+001
  -1.76371127061e+001
  -1.57057810019e+001
  -1.40903164513e+001
  -1.26913064465e+001
  -1.14484157950e+001
  -1.03223702757e+001
  -9.28632770194e+000
  -8.32135728226e+000
  -7.41393001410e+000
  -6.55449112646e+000
  -5.73666911638e+000
  -4.95689420581e+000
  -4.21430114872e+000
  -3.51083324361e+000
  -2.85146570718e+000
  -2.24443218444e+000
  -1.70127262112e+000
  -1.23644548359e+000
  -8.66221084666e-001
  -6.06693237365e-001
  -4.71089740668e-001
  -4.67048628247e-001
  -5.94840805383e-001
  -8.47303345121e-001
  -1.21151371850e+000
  -1.67147936199e+000
  -2.21085691909e+000
  -2.81500130823e+000
  -3.47213177291e+000
  -4.17376087551e+000
  -4.91466710950e+000
  -5.69267242317e+000
  -6.50841160187e+000
  -7.36521297848e+000
  -8.26917274211e+000
  -9.22950309332e+000
  -1.02592717144e+001
  -1.13767435395e+001
  -1.26077354206e+001
  -1.39898320032e+001
  -1.55803530161e+001
  -1.74727415562e+001
  -1.98346734224e+001
  -2.30143296371e+001
  -2.79360995769e+001
  -3.79909220277e+001
  -3.21000240055e+001
  -2.52448793019e+001
  -2.13546419867e+001
  -1.86345549277e+001
  -1.65295830787e+001
  -1.48002526577e+001
  -1.33218244113e+001
  -1.20211786866e+001
  -1.08518803232e+001
  -9.78274028282e+000
  -8.79200053395e+000
  -7.86416437343e+000
  -6.98820014599e+000
  -6.15652430673e+000
  -5.36446714578e+000
  -4.61006303012e+000
  -3.89406938442e+000
  -3.22013558561e+000
  -2.59502406648e+000
  -2.02873487857e+000
  -1.53431431621e+000
  -1.12707813056e+000
  -8.23029843612e-001
  -6.36494241996e-001
  -5.77413129839e-001
  -6.49154876124e-001
  -8.47714686305e-001
  -1.16266013446e+000
  -1.57940449329e+000
  -2.08191080931e+000
  -2.65500040589e+000
  -3.28585964920e+000
  -3.96475440320e+000
  -4.68518241320e+000
  -5.44373116341e+000
  -6.23985418152e+000
  -7.07570859871e+000
  -7.95614799443e+000
  -8.88894811690e+000
  -9.88536234027e+000
  -1.09611687840e+001
  -1.21385138832e+001
  -1.34491632830e+001
  -1.49404687434e+001
  -1.66871145320e+001
  -1.88167297324e+001
  -2.15745502431e+001
  -2.55261789429e+001
  -3.23914643815e+001
  -3.62060641653e+001
  -2.74903757585e+001
  -2.28126297240e+001
  -1.97237563695e+001
  -1.74092810699e+001
  -1.55466219247e+001
  -1.39770248879e+001
  -1.26109593249e+001
  -1.13931065735e+001
  -1.02870330021e+001
  -9.26765434900e+000
  -8.31721888341e+000
  -7.42305379949e+000
  -6.57627836607e+000
  -5.77109470839e+000
  -5.00445384609e+000
  -4.27598166853e+000
  -3.58808290859e+000
  -2.94613705654e+000
  -2.35866357304e+000
  -1.83727216451e+000
  -1.39615350525e+000
  -1.05086726424e+000
  -8.16334475581e-001
  -7.04285630554e-001
  -7.20841800070e-001
  -8.65111846072e-001
  -1.12940146233e+000
  -1.50094170077e+000
  -1.96442143075e+000
  -2.50445211237e+000
  -3.10738586599e+000
  -3.76233585170e+000
  -4.46154688737e+000
  -5.20037006705e+000
  -5.97707365954e+000
  -6.79265762397e+000
  -7.65078202007e+000
  -8.55789022942e+000
  -9.52361152618e+000
  -1.05615702005e+001
  -1.16908302825e+001
  -1.29384213537e+001
  -1.43438669548e+001
  -1.59677735491e+001
  -1.79095700724e+001
  -2.03488308242e+001
  -2.36593005518e+001
  -2.87984202071e+001
  -3.68313759982e+001
  -3.02266882402e+001
  -2.44897030602e+001
  -2.09268535002e+001
  -1.83565515799e+001
  -1.63364955180e+001
  -1.46616785685e+001
  -1.32212724006e+001
  -1.19488355462e+001
  -1.08015542238e+001
  -9.75039855678e+000
  -8.77500794377e+000
  -7.86086378608e+000
  -6.99767552268e+000
  -6.17846742782e+000
  -5.39910527613e+000
  -4.65812009355e+000
  -3.95673791555e+000
  -3.29903492371e+000
  -2.69211480696e+000
  -2.14615496347e+000
  -1.67410669950e+000
  -1.29080568464e+000
  -1.01132808391e+000
  -8.48683700510e-001
  -8.11334555400e-001
  -9.01344710371e-001
  -1.11390058530e+000
  -1.43840974814e+000
  -1.86071113739e+000
  -2.36557009407e+000
  -2.93875078935e+000
  -3.56834573708e+000
  -4.24539755765e+000
  -4.96402806156e+000
  -5.72131471410e+000
  -6.51710479510e+000
  -7.35389708234e+000
  -8.23688056911e+000
  -9.17420941832e+000
  -1.01776176592e+001
  -1.12635484376e+001
  -1.24551267085e+001
  -1.37856342069e+001
  -1.53048984413e+001
  -1.70918967517e+001
  -1.92822294304e+001
  -2.21367349184e+001
  -2.62442620947e+001
  -3.29621593901e+001
  -3.32780418779e+001
  -2.64475192631e+001
  -2.22725752910e+001
  -1.93862911805e+001
</dep>
<dep S[1,1] frequency>
  -3.49238776458e-003-j3.15772687387e-002
  -1.27558925423e-002-j6.23649574988e-002
  -2.79553945491e-002-j9.16677880329e-002
  -4.90342887263e-002-j1.18752644381e-001
  -7.58880728803e-002-j1.42848254572e-001
  -1.08362770415e-001-j1.63134181444e-001
  -1.46242524081e-001-j1.78727570428e-001
  -1.89229658334e-001-j1.88668716677e-001
  -2.36915873724e-001-j1.91906337310e-001
  -2.88741811368e-001-j1.87284146658e-001
  -3.43941200214e-001-j1.73531764694e-001
  -4.01464967847e-001-j1.49265435240e-001
  -4.59880424266e-001-j1.13007982743e-001
  -5.17241876400e-001-j6.32434875427e-002
  -5.70933725325e-001+j1.46927192319e-003
  -6.17498652812e-001+j8.22900154744e-002
  -6.52487086751e-001+j1.79752978391e-001
  -6.70405437414e-001+j2.93243441213e-001
  -6.64900267643e-001+j4.20284567179e-001
  -6.29375174642e-001+j5.55717958851e-001
  -5.58236935276e-001+j6.91041660019e-001
  -4.48797476051e-001+j8.14401678379e-001
  -3.03424820073e-001+j9.11841251713e-001
  -1.30956994126e-001+j9.70085176186e-001
  +5.38287000366e-002+j9.80225594712e-001
  +2.33168841211e-001+j9.40679177153e-001
  +3.90663815827e-001+j8.57745749355e-001
  +5.14972853667e-001+j7.43426645100e-001
  +6.01296513351e-001+j6.11796285189e-001
  +6.50587158066e-001+j4.75736206744e-001
  +6.67542540615e-001+j3.45089992916e-001
  +6.58532080033e-001+j2.26252166722e-001
  +6.30085925904e-001+j1.22645519273e-001
  +5.88055069738e-001+j3.55204965231e-002
  +5.37285129251e-001-j3.52753307607e-002
  +4.81595727709e-001-j9.06999031820e-002
  +4.23903723572e-001-j1.32108336021e-001
  +3.66391833158e-001-j1.60998837580e-001
  +3.10672935824e-001-j1.78867804415e-001
  +2.57930087133e-001-j1.87135615347e-001
  +2.09027734263e-001-j1.87115247219e-001
  +1.64596468770e-001-j1.80005280936e-001
  +1.25095947830e-001-j1.66895840142e-001
  +9.08607998860e-002-j1.48780686463e-001
  +6.21336900413e-002-j1.26571660865e-001
  +3.90888670578e-002-j1.01113464866e-001
  +2.18487048489e-002-j7.31978384050e-002
  +1.04950714788e-002-j4.35767995905e-002
  +5.07681608412e-003-j1.29749492962e-002
  +5.61423727642e-003+j1.78989758800e-002
  +1.21010552225e-002+j4.83410277079e-002
  +2.45041230191e-002+j7.76411331502e-002
  +4.27608522476e-002+j1.05072022280e-001
  +6.67740651868e-002+j1.29877696011e-001
  +9.64036947283e-002+j1.51261188342e-001
  +1.31454404355e-001+j1.68371492074e-001
  +1.71657765709e-001+j1.80289732863e-001
  +2.16647084231e-001+j1.86015068664e-001
  +2.65922291573e-001+j1.84451483324e-001
  +3.18801553216e-001+j1.74397830082e-001
  +3.74355490621e-001+j1.54545461015e-001
  +4.31319509689e-001+j1.23490973900e-001
  +4.87980380738e-001+j7.97765415448e-002
  +5.42036374780e-001+j2.19774173173e-002
  +5.90438547731e-001-j5.11345960352e-002
  +6.29238337038e-001-j1.40313651609e-001
  +6.53498685862e-001-j2.45407246750e-001
  +6.57375326318e-001-j3.64745012584e-001
  +6.34532662506e-001-j4.94388520943e-001
  +5.79086216165e-001-j6.27417828320e-001
  +4.87176573830e-001-j7.53635002903e-001
  +3.58975591070e-001-j8.60232719389e-001
  +2.00414626506e-001-j9.33860019318e-001
  +2.35250154746e-002-j9.63879304296e-001
  -1.55434585485e-001-j9.45632099871e-001
  -3.19712545745e-001-j8.82034878360e-001
  -4.56029125847e-001-j7.82562566998e-001
  -5.56970074352e-001-j6.60229651037e-001
  -6.21121221717e-001-j5.28194359447e-001
  -6.51563224334e-001-j3.97363487867e-001
  -6.53849761530e-001-j2.75421715708e-001
  -6.34300726323e-001-j1.66952441397e-001
  -5.98915540395e-001-j7.40936138753e-002
  -5.52850668610e-001+j2.70023600108e-003
  -5.00276007067e-001+j6.40084510522e-002
  -4.44434705644e-001+j1.10971344458e-001
  -3.87786510995e-001+j1.44980206166e-001
  -3.32167483201e-001+j1.67490839288e-001
  -2.78934917594e-001+j1.79921070267e-001
  -2.29086754480e-001+j1.83601236373e-001
  -1.83354777738e-001+j1.79756111694e-001
  -1.42274978062e-001+j1.69504369398e-001
  -1.06239539413e-001+j1.53867077729e-001
  -7.55346710898e-002+j1.33780272164e-001
  -5.03678056308e-002+j1.10108864150e-001
  -3.08869061970e-002+j8.36604864874e-002
  -1.71939306721e-002+j5.51986611720e-002
  -9.35392567810e-003+j2.54551235670e-002
  -7.40076588344e-003-j4.85861561678e-003
  -1.13401885317e-002-j3.50402580488e-002
  -2.11504717332e-002-j6.43859792170e-002
  -3.67808397535e-002-j9.21796651975e-002
  -5.81474226005e-002-j1.17681834606e-001
  -8.51263245177e-002-j1.40117996912e-001
  -1.17543040050e-001-j1.58666288705e-001
  -1.55157070155e-001-j1.72444402673e-001
  -1.97640109059e-001-j1.80496139348e-001
  -2.44545579099e-001-j1.81778468154e-001
  -2.95266597146e-001-j1.75150940132e-001
  -3.48978741911e-001-j1.59370893089e-001
  -4.04563484347e-001-j1.33100481689e-001
  -4.60508370804e-001-j9.49356050441e-002
  -5.14782093042e-001-j4.34727515935e-002
  -5.64688454290e-001+j2.25622460559e-002
  -6.06716276964e-001+j1.04090661015e-001
  -6.36427056053e-001+j2.01324004228e-001
  -6.48462534944e-001+j3.13243225970e-001
  -6.36807247948e-001+j4.36924276133e-001
  -5.95482703818e-001+j5.66820289007e-001
  -5.19818713309e-001+j6.94281515406e-001
  -4.08248374185e-001+j8.07781239994e-001
  -2.64157240233e-001+j8.94339571435e-001
  -9.68523060537e-002+j9.42243741756e-001
  +7.93282664772e-002+j9.44322985632e-001
  +2.47955175543e-001+j9.00287229466e-001
  +3.94401875782e-001+j8.16823433878e-001
  +5.08910212137e-001+j7.05393185015e-001
  +5.87645207653e-001+j5.78973759137e-001
  +6.31839254576e-001+j4.49259709100e-001
  +6.45975365696e-001+j3.25136333792e-001
  +6.35967817838e-001+j2.12377177025e-001
  +6.07846654155e-001+j1.14086878007e-001
  +5.67023789357e-001+j3.14113577583e-002
  +5.18003627869e-001-j3.57803146986e-002
  +4.64360726923e-001-j8.83631352685e-002
  +4.08845703636e-001-j1.27588053949e-001
  +3.53533646707e-001-j1.54849736652e-001
  +2.99970773059e-001-j1.71551764173e-001
  +2.49300858440e-001-j1.79035856398e-001
  +2.02366709334e-001-j1.78550516157e-001
  +1.59788227009e-001-j1.71242564036e-001
  +1.22020870983e-001-j1.58161123055e-001
  +8.93986548230e-002-j1.40267772329e-001
  +6.21653387196e-002-j1.18449268768e-001
  +4.04967788000e-002-j9.35308935708e-002
  +2.45166972289e-002-j6.62894740335e-002
  +1.43075372741e-002-j3.74657107418e-002
  +9.91757899620e-003-j7.77576875271e-003
  +1.13650995299e-002+j2.20777287405e-002
  +1.86400424384e-002+j5.13950730188e-002
  +3.17033867541e-002+j7.94689369409e-002
  +5.04841521175e-002+j1.05573659721e-001
  +7.48737166763e-002+j1.28954100090e-001
  +1.04716833933e-001+j1.48813878679e-001
  +1.39798388067e-001+j1.64302968700e-001
  +1.79824499919e-001+j1.74504847366e-001
  +2.24396069441e-001+j1.78423868548e-001
  +2.72972216300e-001+j1.74974287959e-001
  +3.24820408857e-001+j1.62973664337e-001
  +3.78949513217e-001+j1.41145465183e-001
  +4.34021932831e-001+j1.08139015055e-001
  +4.88242253827e-001+j6.25798744394e-002
  +5.39223902706e-001+j3.17058470365e-003
  +5.83844902176e-001-j7.11300736002e-002
  +6.18122756145e-001-j1.60814254202e-001
  +6.37170937854e-001-j2.65385208593e-001
  +6.35345718524e-001-j3.82761922971e-001
  +6.06738771681e-001-j5.08590689982e-001
  +5.46175399166e-001-j6.35662380790e-001
  +4.50760857682e-001-j7.53814927737e-001
  +3.21702827162e-001-j8.50806702226e-001
  +1.65685495711e-001-j9.14452715138e-001
  -5.18577294768e-003-j9.35669931831e-001
  -1.75439923153e-001-j9.11253065082e-001
  -3.29760079040e-001-j8.44945991640e-001
  -4.56431654166e-001-j7.46188952892e-001
  -5.49234883029e-001-j6.27264433441e-001
  -6.07350094797e-001-j5.00294368974e-001
  -6.33911924531e-001-j3.75207772511e-001
  -6.34190980584e-001-j2.58963972617e-001
  -6.14089988457e-001-j1.55707033914e-001
  -5.79192426505e-001-j6.73673344052e-002
  -5.34304863563e-001+j5.65400360313e-003
  -4.83330594228e-001+j6.39026286323e-002
  -4.29322569205e-001+j1.08444705860e-001
  -3.74611242892e-001+j1.40585050505e-001
  -3.20948189818e-001+j1.61695592342e-001
  -2.69637491071e-001+j1.73119611436e-001
  -2.21644866135e-001+j1.76124352662e-001
  -1.77683512701e-001+j1.71882754430e-001
  -1.38279393437e-001+j1.61471700734e-001
  -1.03819805631e-001+j1.45878993672e-001
  -7.45889501892e-002+j1.26014430495e-001
  -5.07936429873e-002+j1.02722390451e-001
  -3.25816435244e-002+j7.67945746019e-002
  -2.00544611856e-002+j4.89822786336e-002
  -1.32759831447e-002+j2.00080056470e-002
  -1.22778491228e-002-j9.42353391069e-003
  -1.70621580098e-002-j3.86148588490e-002
  -2.76018053821e-002-j6.68653511100e-002
  -4.38384942477e-002-j9.34608273483e-002
  -6.56782094606e-002-j1.17662802445e-001
  -9.29836750535e-002-j1.38697251570e-001
  -1.25562999018e-001-j1.55742786833e-001
  -1.63153328213e-001-j1.67918367916e-001
  -2.05397867568e-001-j1.74271027043e-001
  -2.51814056776e-001-j1.73764710964e-001
  -3.01750074096e-001-j1.65272388530e-001
  -3.54326261284e-001-j1.47575283588e-001
  -4.08357814719e-001-j1.19375803236e-001
  -4.62255766916e-001-j7.93348403401e-002
  -5.13906063612e-001-j2.61499597285e-002
  -5.60533499279e-001+j4.13016403076e-002
  -5.98571626821e-001+j1.23724196336e-001
  -6.23585444742e-001+j2.21035008081e-001
  -6.30332858086e-001+j3.31846881519e-001
  -6.13097087237e-001+j4.52830124446e-001
  -5.66447288994e-001+j5.78087323681e-001
  -4.86526811471e-001+j6.98834408399e-001
  -3.72747739216e-001+j8.03827074418e-001
  -2.29375886796e-001+j8.80924491370e-001
  -6.61263777242e-002+j9.19742273226e-001
  +1.03014793778e-001+j9.14577040412e-001
  +2.62708825786e-001+j8.66239339723e-001
  +3.99785741689e-001+j7.81780712095e-001
  +5.05807291837e-001+j6.72273216332e-001
  +5.77777367998e-001+j5.49837121438e-001
  +6.17221193680e-001+j4.25209527036e-001
  +6.28505311528e-001+j3.06476188501e-001
  +6.17213131141e-001+j1.98867675280e-001
  +5.88986068280e-001+j1.05187085577e-001
  +5.48880195398e-001+j2.64569631641e-002
  +5.01113239512e-001-j3.74658724807e-002
  +4.49046436717e-001-j8.74095831658e-002
  +3.95280122975e-001-j1.24553330180e-001
  +3.41787797242e-001-j1.50214769323e-001
  +2.90049328845e-001-j1.65725295563e-001
  +2.41166543554e-001-j1.72363495151e-001
  +1.95956617804e-001-j1.71324840039e-001
  +1.55024405855e-001-j1.63712713718e-001
  +1.18816951332e-001-j1.50541243030e-001
  +8.76638140402e-002-j1.32744136131e-001
  +6.18064804896e-002-j1.11186155772e-001
  +4.14195260556e-002-j8.66753779708e-002
  +2.66255849436e-002-j5.99753096458e-002
  +1.75056465349e-002-j3.18164846465e-002
  +1.41057516613e-002-j2.90747169282e-003
  +1.64407997196e-002+j2.60545978768e-002
  +2.44958765175e-002+j5.43737839692e-002
  +3.82252497928e-002+j8.13451362112e-002
  +5.75489308730e-002+j1.06244299389e-001
  +8.23464436576e-002+j1.28316724408e-001
  +1.12447152866e-001+j1.46766368601e-001
  +1.47616159560e-001+j1.60743931878e-001
  +1.87534353277e-001+j1.69334966025e-001
  +2.31770706321e-001+j1.71548697247e-001
  +2.79744321925e-001+j1.66309249374e-001
  +3.30673178938e-001+j1.52452346621e-001
  +3.83506151232e-001+j1.28732793155e-001
  +4.36835165759e-001+j9.38514283269e-002
  +4.88786188504e-001+j4.65151848551e-002
  +5.36892709209e-001-j1.44496162562e-002
  +5.77966154738e-001-j8.99034442077e-002
  +6.07997729583e-001-j1.80087421108e-001
  +6.22158566145e-001-j2.84179186645e-001
  +6.15007586846e-001-j3.99716653066e-001
  +5.81051855024e-001-j5.21972731968e-001
  +5.15787082413e-001-j6.43497949773e-001
  +4.17203630089e-001-j7.54203182156e-001
  +2.87427222394e-001-j8.42404065977e-001
  +1.33772317981e-001-j8.96993237150e-001
  -3.16452589133e-002-j9.10271595276e-001
  -1.94089818671e-001-j8.80288600336e-001
  -3.39513009424e-001-j8.11478557385e-001
  -4.57555232360e-001-j7.13232348378e-001
  -5.43024904824e-001-j5.97198170092e-001
  -5.95621587203e-001-j4.74610317763e-001
  -6.18542657933e-001-j3.54556922913e-001
  -6.16832863662e-001-j2.43364522070e-001
  -5.96048401135e-001-j1.44783331818e-001
  -5.61419603145e-001-j6.05469921921e-002
  -5.17450129010e-001+j9.00576818327e-003
  -4.67807865674e-001+j6.44043702713e-002
  -4.15374230447e-001+j1.06659944446e-001
  -3.62360298451e-001+j1.37008229827e-001
  -3.10437472576e-001+j1.56751740235e-001
  -2.60857611534e-001+j1.67170608730e-001
  -2.14553390300e-001+j1.69477691583e-001
  -1.72217717087e-001+j1.64800604800e-001
  -1.34364494203e-001+j1.54179257161e-001
  -1.01374076111e-001+j1.38571717192e-001
  -7.35267312861e-002+j1.18864127316e-001
  -5.10269356954e-002+j9.58822226709e-002
  -3.40207426659e-002+j7.04031546522e-002
  -2.26079256598e-002+j4.31670074961e-002
  -1.68501223525e-002+j1.48878002446e-002
  -1.67758227562e-002-j1.37360034361e-002
  -2.23827256983e-002-j4.20113300989e-002
  -3.36377154866e-002-j6.92404682287e-002
  -5.04744615128e-002-j9.47109524313e-002
</dep>
<dep S[1,2] frequency>
  +9.93553018530e-001-j9.50444019655e-002
  +9.77822305741e-001-j1.88988958806e-001
  +9.52243481094e-001-j2.80899546537e-001
  +9.16875950908e-001-j3.69796185134e-001
  +8.71867503436e-001-j4.54661611456e-001
  +8.17438554491e-001-j5.34432596974e-001
  +7.53889924688e-001-j6.07988153617e-001
  +6.81620843077e-001-j6.74136282695e-001
  +6.01156634419e-001-j7.31600302154e-001
  +5.13188322946e-001-j7.79006400102e-001
  +4.18627753402e-001-j8.14875463759e-001
  +3.18682772834e-001-j8.37624667726e-001
  +2.14957330061e-001-j8.45588252604e-001
  +1.09580119563e-001-j8.37072973837e-001
  +5.36071090037e-003-j8.10472268014e-001
  -9.40394454970e-002-j7.64473729441e-001
  -1.83957325812e-001-j6.98403712761e-001
  -2.58677444240e-001-j6.12751367887e-001
  -3.11616929193e-001-j5.09882310321e-001
  -3.35943339200e-001-j3.94858513486e-001
  -3.25821767222e-001-j2.76100695398e-001
  -2.78317791095e-001-j1.65397122727e-001
  -1.95549418727e-001-j7.66546083249e-002
  -8.61020073539e-002-j2.31143826305e-002
  +3.55014429771e-002-j1.36664402541e-002
  +1.51752416746e-001-j4.98924294949e-002
  +2.46505779938e-001-j1.25507027552e-001
  +3.08673787827e-001-j2.28539527372e-001
  +3.33707548799e-001-j3.44962132209e-001
  +3.22806488768e-001-j4.61955735333e-001
  +2.80910939334e-001-j5.69754735518e-001
  +2.14627435889e-001-j6.62057825615e-001
  +1.30716825778e-001-j7.35550285284e-001
  +3.52534496719e-002-j7.89104155273e-001
  -6.67019742370e-002-j8.23008270357e-001
  -1.71123837457e-001-j8.38370342323e-001
  -2.74899241111e-001-j8.36708016224e-001
  -3.75660162491e-001-j8.19694130281e-001
  -4.71619895579e-001-j7.89011103957e-001
  -5.61433737081e-001-j7.46275978950e-001
  -6.44088420895e-001-j6.93008239135e-001
  -7.18817963299e-001-j6.30621981213e-001
  -7.85041285337e-001-j5.60430981791e-001
  -8.42316794288e-001-j4.83659888362e-001
  -8.90309746928e-001-j4.01457727385e-001
  -9.28769071014e-001-j3.14911726974e-001
  -9.57511130619e-001-j2.25060514885e-001
  -9.76408601086e-001-j1.32906360969e-001
  -9.85383162214e-001-j3.94264710966e-002
  -9.84401145404e-001+j5.44164798485e-002
  -9.73471612109e-001+j1.47664297204e-001
  -9.52646627798e-001+j2.39353379537e-001
  -9.22023756595e-001+j3.28504669635e-001
  -8.81751064481e-001+j4.14113138083e-001
  -8.32035210581e-001+j4.95136550016e-001
  -7.73153555054e-001+j5.70483379967e-001
  -7.05471647162e-001+j6.38999955673e-001
  -6.29468004392e-001+j6.99457303993e-001
  -5.45768765550e-001+j7.50538863863e-001
  -4.55195571225e-001+j7.90831418374e-001
  -3.58830774395e-001+j8.18823578393e-001
  -2.58104491668e-001+j8.32919345780e-001
  -1.54907352498e-001+j8.31479217960e-001
  -5.17296442791e-002+j8.12908424458e-001
  +4.81807353737e-002+j7.75821079543e-001
  +1.40666680582e-001+j7.19318310909e-001
  +2.20573845259e-001+j6.43421452679e-001
  +2.81832805355e-001+j5.49683782492e-001
  +3.17875852473e-001+j4.41941184246e-001
  +3.22580378009e-001+j3.27026014998e-001
  +2.91843782898e-001+j2.15063928339e-001
  +2.25590664647e-001+j1.18805568102e-001
  +1.29502050405e-001+j5.15610335456e-002
  +1.53568818711e-002+j2.39430477243e-002
  -1.00839620843e-001+j4.06012906546e-002
  -2.02589282949e-001+j9.86266085844e-002
  -2.76864816989e-001+j1.88567472898e-001
  -3.16502400693e-001+j2.97448779151e-001
  -3.20335260234e-001+j4.12167499008e-001
  -2.91687416083e-001+j5.21887631094e-001
  -2.36350898328e-001+j6.19010594786e-001
  -1.60877976151e-001+j6.99054044137e-001
  -7.14935358702e-002+j7.59995625237e-001
  +2.64283134116e-002+j8.01510475048e-001
  +1.28508728843e-001+j8.24321150507e-001
  +2.31305153094e-001+j8.29724144134e-001
  +3.32168774486e-001+j8.19279257137e-001
  +4.29085571540e-001+j7.94622452841e-001
  +5.20532107381e-001+j7.57362636995e-001
  +6.05356788373e-001+j7.09031371464e-001
  +6.82687283311e-001+j6.51063985616e-001
  +7.51860724945e-001+j5.84798186465e-001
  +8.12372232970e-001+j5.11481668485e-001
  +8.63837534047e-001+j4.32283769117e-001
  +9.05966156812e-001+j3.48308434078e-001
  +9.38542456667e-001+j2.60607096360e-001
  +9.61412421772e-001+j1.70190858649e-001
  +9.74474785967e-001+j7.80418169982e-002
  +9.77675432419e-001-j1.48763887076e-002
  +9.71004437516e-001-j1.07608580933e-001
  +9.54495406139e-001-j1.99198327208e-001
  +9.28227015058e-001-j2.88678196865e-001
  +8.92326937352e-001-j3.75059697551e-001
  +8.46978593744e-001-j4.57322638569e-001
  +7.92431492908e-001-j5.34403758614e-001
  +7.29016309285e-001-j6.05184628634e-001
  +6.57166328951e-001-j6.68479155966e-001
  +5.77447487789e-001-j7.23021572422e-001
  +4.90599920112e-001-j7.67456744976e-001
  +3.97594650402e-001-j8.00336246160e-001
  +2.99709568148e-001-j8.20126213228e-001
  +1.98628598535e-001-j8.25237065275e-001
  +9.65659375097e-002-j8.14091094941e-001
  -3.58865516777e-003-j7.85251924354e-001
  -9.81205474752e-002-j7.37648707809e-001
  -1.82378712134e-001-j6.70933601050e-001
  -2.50784162510e-001-j5.86003107592e-001
  -2.97093388166e-001-j4.85673010457e-001
  -3.15093460778e-001-j3.75396621674e-001
  -2.99874309704e-001-j2.63745224920e-001
  -2.49624676804e-001-j1.62182471955e-001
  -1.67482273120e-001-j8.36408439909e-002
  -6.25037652286e-002-j3.98015405714e-002
  +5.12244869105e-002-j3.78197245347e-002
  +1.57525440162e-001-j7.79858926753e-002
  +2.42024245841e-001-j1.53629528284e-001
  +2.95212867264e-001-j2.53321440169e-001
  +3.13503857838e-001-j3.64132564003e-001
  +2.98373553100e-001-j4.74432177944e-001
  +2.54544337686e-001-j5.75414172256e-001
  +1.88164323112e-001-j6.61399227531e-001
  +1.05490906906e-001-j7.29391580666e-001
  +1.21559610347e-002-j7.78368395820e-001
  -8.71244366870e-002-j8.08597398314e-001
  -1.88573192622e-001-j8.21103532384e-001
  -2.89247106286e-001-j8.17300242174e-001
  -3.86889234356e-001-j7.98756574847e-001
  -4.79782966247e-001-j7.67061672970e-001
  -5.66626279314e-001-j7.23753247144e-001
  -6.46430903551e-001-j6.70285426301e-001
  -7.18444842414e-001-j6.08019460230e-001
  -7.82094440131e-001-j5.38226836572e-001
  -8.36941860443e-001-j4.62098534937e-001
  -8.82654310444e-001-j3.80756820821e-001
  -9.18982047877e-001-j2.95267639837e-001
  -9.45742906406e-001-j2.06652666637e-001
  -9.62811673521e-001-j1.15900642502e-001
  -9.70113144470e-001-j2.39779642387e-002
  -9.67618067593e-001+j6.81613331086e-002
  -9.55341516147e-001+j1.59565964377e-001
  -9.33343495878e-001+j2.49277877372e-001
  -9.01731852008e-001+j3.36322549992e-001
  -8.60667799358e-001+j4.19698848010e-001
  -8.10374690049e-001+j4.98368260311e-001
  -7.51150980118e-001+j5.71243466636e-001
  -6.83388784017e-001+j6.37176446342e-001
  -6.07599932558e-001+j6.94946784814e-001
  -5.24452074248e-001+j7.43251605051e-001
  -4.34818031654e-001+j7.80699844244e-001
  -3.39842183185e-001+j8.05815700379e-001
  -2.41027702130e-001+j8.17059383454e-001
  -1.40347240268e-001+j8.12878256140e-001
  -4.03755521709e-002+j7.91808296274e-001
  +5.55670227009e-002+j7.52654025596e-001
  +1.43290248027e-001+j6.94781956896e-001
  +2.17691319517e-001+j6.18560998842e-001
  +2.72902568630e-001+j5.25958332739e-001
  +3.02784972752e-001+j4.21228297828e-001
  +3.01927314175e-001+j3.11495517768e-001
  +2.67193462954e-001+j2.06852756421e-001
  +1.99545821059e-001+j1.19487816974e-001
  +1.05420398643e-001+j6.15475559548e-002
  -3.32751567588e-003+j4.20927192600e-002
  -1.11477828161e-001+j6.43222362280e-002
  -2.03964497986e-001+j1.24501825744e-001
  -2.69322633836e-001+j2.13216753797e-001
  -3.01580017215e-001+j3.18225848885e-001
  -3.00161376801e-001+j4.27464124303e-001
  -2.68441613214e-001+j5.31074918944e-001
  -2.11926496825e-001+j6.22186363971e-001
  -1.36747862813e-001+j6.96756606228e-001
  -4.87113226999e-002+j7.52971815327e-001
  +4.71622938585e-002+j7.90561279320e-001
  +1.46764167660e-001+j8.10214390519e-001
  +2.46845388032e-001+j8.13153808260e-001
  +3.44889894899e-001+j8.00852957844e-001
  +4.38971610023e-001+j7.74863811784e-001
  +5.27623753273e-001+j7.36720396226e-001
  +6.09730365689e-001+j6.87890633066e-001
  +6.84441074126e-001+j6.29757256301e-001
  +7.51106356056e-001+j5.63615215028e-001
  +8.09229466411e-001+j4.90677763673e-001
  +8.58431307982e-001+j4.12086627077e-001
  +8.98425100604e-001+j3.28923649392e-001
  +9.28998372666e-001+j2.42222573765e-001
  +9.50000413350e-001+j1.52980336694e-001
  +9.61333840532e-001+j6.21676880325e-002
  +9.62949358352e-001-j2.92608122263e-002
  +9.54843118935e-001-j1.20357239971e-001
  +9.37056388942e-001-j2.10170952482e-001
  +9.09677478635e-001-j2.97739169764e-001
  +8.72846143263e-001-j3.82077241858e-001
  +8.26760938029e-001-j4.62168404689e-001
  +7.71690322889e-001-j5.36952936484e-001
  +7.07988695516e-001-j6.05316830187e-001
  +6.36118999535e-001-j6.66080458367e-001
  +5.56684116358e-001-j7.17988329471e-001
  +4.70469872752e-001-j7.59702080346e-001
  +3.78503072092e-001-j7.89800561163e-001
  +2.82128206457e-001-j8.06793579363e-001
  +1.83105827788e-001-j8.09159978239e-001
  +8.37327755506e-002-j7.95426556421e-001
  -1.30224991436e-002-j7.64311716980e-001
  -1.03390625699e-001-j7.14965038211e-001
  -1.82724822618e-001-j6.47336233402e-001
  -2.45563215462e-001-j5.62693242376e-001
  -2.85962134824e-001-j4.64260715008e-001
  -2.98257655129e-001-j3.57845655606e-001
  -2.78354792085e-001-j2.52156721986e-001
  -2.25423011391e-001-j1.58378102953e-001
  -1.43482203034e-001-j8.86060510696e-002
  -4.19992540972e-002-j5.31960892562e-002
  +6.52893864504e-002-j5.78385623082e-002
  +1.63294762633e-001-j1.01725766664e-001
  +2.39096035334e-001-j1.77824868184e-001
  +2.84502377847e-001-j2.75098299896e-001
  +2.96762391347e-001-j3.81475927414e-001
  +2.77642307379e-001-j4.86286223110e-001
  +2.31745002547e-001-j5.81524173264e-001
  +1.64884592696e-001-j6.62054790823e-001
  +8.29266413830e-002-j7.25185011906e-001
  -8.85609367166e-003-j7.70016331896e-001
  -1.06037536466e-001-j7.96829471732e-001
  -2.05057278148e-001-j8.06603076894e-001
  -3.03125788936e-001-j8.00679125418e-001
  -3.98091117270e-001-j7.80549763069e-001
  -4.88306401169e-001-j7.47731841096e-001
  -5.72514954500e-001-j7.03699617308e-001
  -6.49757495961e-001-j6.49853658334e-001
  -7.19300393501e-001-j5.87511035378e-001
  -7.80581670435e-001-j5.17907291423e-001
  -8.33171140273e-001-j4.42204383514e-001
  -8.76741399973e-001-j3.61501232937e-001
  -9.11047012088e-001-j2.76845037097e-001
  -9.35909818238e-001-j1.89242420478e-001
  -9.51208864210e-001-j9.96700480458e-002
  -9.56873862252e-001-j9.08463856894e-003
  -9.52881479018e-001+j8.15675102286e-002
  -9.39254038910e-001+j1.71341282045e-001
  -9.16060495745e-001+j2.59283546850e-001
  -8.83419774443e-001+j3.44423768484e-001
  -8.41506841932e-001+j4.25764209538e-001
  -7.90562156013e-001+j5.02269613301e-001
  -7.30905485061e-001+j5.72856405342e-001
  -6.62955510404e-001+j6.36381748093e-001
  -5.87257127233e-001+j6.91633284765e-001
  -5.04518933971e-001+j7.37321256257e-001
  -4.15663969337e-001+j7.72076066371e-001
  -3.21897120995e-001+j7.94456589099e-001
  -2.24792344188e-001+j8.02977913496e-001
  -1.26401003648e-001+j7.96172150265e-001
  -2.93776706008e-002+j7.72702430798e-001
  +6.28910520755e-002+j7.31557385709e-001
  +1.46189171949e-001+j6.72357889405e-001
  +2.15472295801e-001+j5.95801750496e-001
  +2.65076363712e-001+j5.04240457463e-001
  +2.89278901890e-001+j4.02304896094e-001
  +2.83340458399e-001+j2.97363119999e-001
  +2.45011554921e-001+j1.99437942398e-001
  +1.76174370209e-001+j1.20162789342e-001
  +8.38970954562e-002+j7.06096648423e-002
  -1.99524392747e-002+j5.84580262915e-002
  -1.20887263305e-001+j8.56545643260e-002
  -2.05107463769e-001+j1.47776930879e-001
  -2.62500597522e-001+j2.35461956261e-001
  -2.88119956202e-001+j3.37104796516e-001
  -2.81906704463e-001+j4.41529971922e-001
  -2.47295579712e-001+j5.39723388859e-001
  -1.89563484314e-001+j6.25447469362e-001
  -1.14492630712e-001+j6.95055514123e-001
  -2.75323155616e-002+j7.46931538406e-001
  +6.66027729548e-002+j7.80868129190e-001
  +1.64042504990e-001+j7.97539150539e-001
  +2.61712821625e-001+j7.98112717681e-001
  +3.57220383818e-001+j7.83993460052e-001
  +4.48722636809e-001+j7.56664002970e-001
  +5.34808371403e-001+j7.17595082703e-001
  +6.14398005081e-001+j6.68199878712e-001
  +6.86664756206e-001+j6.09815239321e-001
  +7.50974421597e-001+j5.43698368055e-001
  +8.06840401983e-001+j4.71031811509e-001
  +8.53890666799e-001+j3.92932465510e-001
  +8.91843828782e-001+j3.10462160781e-001
  +9.20492082134e-001+j2.24638531903e-001
  +9.39689306496e-001+j1.36445561770e-001
  +9.49343107335e-001+j4.68435977908e-002
  +9.49409949298e-001-j4.32211336815e-002
  +9.39892857713e-001-j1.32807363212e-001
  +9.20841436204e-001-j2.20969752585e-001
  +8.92354197694e-001-j3.06749779097e-001
</dep>
<dep S[2,1] frequency>
  +9.93553018530e-001-j9.50444019655e-002
  +9.77822305741e-001-j1.88988958806e-001
  +9.52243481094e-001-j2.80899546537e-001
  +9.16875950908e-001-j3.69796185134e-001
  +8.71867503436e-001-j4.54661611456e-001
  +8.17438554491e-001-j5.34432596974e-001
  +7.53889924688e-001-j6.07988153617e-001
  +6.81620843077e-001-j6.74136282695e-001
  +6.01156634419e-001-j7.31600302154e-001
  +5.13188322946e-001-j7.79006400102e-001
  +4.18627753402e-001-j8.14875463759e-001
  +3.18682772834e-001-j8.37624667726e-001
  +2.14957330061e-001-j8.45588252604e-001
  +1.09580119563e-001-j8.37072973837e-001
  +5.36071090037e-003-j8.10472268014e-001
  -9.40394454970e-002-j7.64473729441e-001
  -1.83957325812e-001-j6.98403712761e-001
  -2.58677444240e-001-j6.12751367887e-001
  -3.11616929193e-001-j5.09882310321e-001
  -3.35943339200e-001-j3.94858513486e-001
  -3.25821767222e-001-j2.76100695398e-001
  -2.78317791095e-001-j1.65397122727e-001
  -1.95549418727e-001-j7.66546083249e-002
  -8.61020073539e-002-j2.31143826305e-002
  +3.55014429771e-002-j1.36664402541e-002
  +1.51752416746e-001-j4.98924294949e-002
  +2.46505779938e-001-j1.25507027552e-001
  +3.08673787827e-001-j2.28539527372e-001
  +3.33707548799e-001-j3.44962132209e-001
  +3.22806488768e-001-j4.61955735333e-001
  +2.80910939334e-001-j5.69754735518e-001
  +2.14627435889e-001-j6.62057825615e-001
  +1.30716825778e-001-j7.35550285284e-001
  +3.52534496719e-002-j7.89104155273e-001
  -6.67019742370e-002-j8.23008270357e-001
  -1.71123837457e-001-j8.38370342323e-001
  -2.74899241111e-001-j8.36708016224e-001
  -3.75660162491e-001-j8.19694130281e-001
  -4.71619895579e-001-j7.89011103957e-001
  -5.61433737081e-001-j7.46275978950e-001
  -6.44088420895e-001-j6.93008239135e-001
  -7.18817963299e-001-j6.30621981213e-001
  -7.85041285337e-001-j5.60430981791e-001
  -8.42316794288e-001-j4.83659888362e-001
  -8.90309746928e-001-j4.01457727385e-001
  -9.28769071014e-001-j3.14911726974e-001
  -9.57511130619e-001-j2.25060514885e-001
  -9.76408601086e-001-j1.32906360969e-001
  -9.85383162214e-001-j3.94264710966e-002
  -9.84401145404e-001+j5.44164798485e-002
  -9.73471612109e-001+j1.47664297204e-001
  -9.52646627798e-001+j2.39353379537e-001
  -9.22023756595e-001+j3.28504669635e-001
  -8.81751064481e-001+j4.14113138083e-001
  -8.32035210581e-001+j4.95136550016e-001
  -7.73153555054e-001+j5.70483379967e-001
  -7.05471647162e-001+j6.38999955673e-001
  -6.29468004392e-001+j6.99457303993e-001
  -5.45768765550e-001+j7.50538863863e-001
  -4.55195571225e-001+j7.90831418374e-001
  -3.58830774395e-001+j8.18823578393e-001
  -2.58104491668e-001+j8.32919345780e-001
  -1.54907352498e-001+j8.31479217960e-001
  -5.17296442791e-002+j8.12908424458e-001
  +4.81807353737e-002+j7.75821079543e-001
  +1.40666680582e-001+j7.19318310909e-001
  +2.20573845259e-001+j6.43421452679e-001
  +2.81832805355e-001+j5.49683782492e-001
  +3.17875852473e-001+j4.41941184246e-001
  +3.22580378009e-001+j3.27026014998e-001
  +2.91843782898e-001+j2.15063928339e-001
  +2.25590664647e-001+j1.18805568102e-001
  +1.29502050405e-001+j5.15610335456e-002
  +1.53568818711e-002+j2.39430477243e-002
  -1.00839620843e-001+j4.06012906546e-002
  -2.02589282949e-001+j9.86266085844e-002
  -2.76864816989e-001+j1.88567472898e-001
  -3.16502400693e-001+j2.97448779151e-001
  -3.20335260234e-001+j4.12167499008e-001
  -2.91687416083e-001+j5.21887631094e-001
  -2.36350898328e-001+j6.19010594786e-001
  -1.60877976151e-001+j6.99054044137e-001
  -7.14935358702e-002+j7.59995625237e-001
  +2.64283134116e-002+j8.01510475048e-001
  +1.28508728843e-001+j8.24321150507e-001
  +2.31305153094e-001+j8.29724144134e-001
  +3.32168774486e-001+j8.19279257137e-001
  +4.29085571540e-001+j7.94622452841e-001
  +5.20532107381e-001+j7.57362636995e-001
  +6.05356788373e-001+j7.09031371464e-001
  +6.82687283311e-001+j6.51063985616e-001
  +7.51860724945e-001+j5.84798186465e-001
  +8.12372232970e-001+j5.11481668485e-001
  +8.63837534047e-001+j4.32283769117e-001
  +9.05966156812e-001+j3.48308434078e-001
  +9.38542456667e-001+j2.60607096360e-001
  +9.61412421772e-001+j1.70190858649e-001
  +9.74474785967e-001+j7.80418169982e-002
  +9.77675432419e-001-j1.48763887076e-002
  +9.71004437516e-001-j1.07608580933e-001
  +9.54495406139e-001-j1.99198327208e-001
  +9.28227015058e-001-j2.88678196865e-001
  +8.92326937352e-001-j3.75059697551e-001
  +8.46978593744e-001-j4.57322638569e-001
  +7.92431492908e-001-j5.34403758614e-001
  +7.29016309285e-001-j6.05184628634e-001
  +6.57166328951e-001-j6.68479155966e-001
  +5.77447487789e-001-j7.23021572422e-001
  +4.90599920112e-001-j7.67456744976e-001
  +3.97594650402e-001-j8.00336246160e-001
  +2.99709568148e-001-j8.20126213228e-001
  +1.98628598535e-001-j8.25237065275e-001
  +9.65659375097e-002-j8.14091094941e-001
  -3.58865516777e-003-j7.85251924354e-001
  -9.81205474752e-002-j7.37648707809e-001
  -1.82378712134e-001-j6.70933601050e-001
  -2.50784162510e-001-j5.86003107592e-001
  -2.97093388166e-001-j4.85673010457e-001
  -3.15093460778e-001-j3.75396621674e-001
  -2.99874309704e-001-j2.63745224920e-001
  -2.49624676804e-001-j1.62182471955e-001
  -1.67482273120e-001-j8.36408439909e-002
  -6.25037652286e-002-j3.98015405714e-002
  +5.12244869105e-002-j3.78197245347e-002
  +1.57525440162e-001-j7.79858926753e-002
  +2.42024245841e-001-j1.53629528284e-001
  +2.95212867264e-001-j2.53321440169e-001
  +3.13503857838e-001-j3.64132564003e-001
  +2.98373553100e-001-j4.74432177944e-001
  +2.54544337686e-001-j5.75414172256e-001
  +1.88164323112e-001-j6.61399227531e-001
  +1.05490906906e-001-j7.29391580666e-001
  +1.21559610347e-002-j7.78368395820e-001
  -8.71244366870e-002-j8.08597398314e-001
  -1.88573192622e-001-j8.21103532384e-001
  -2.89247106286e-001-j8.17300242174e-001
  -3.86889234356e-001-j7.98756574847e-001
  -4.79782966247e-001-j7.67061672970e-001
  -5.66626279314e-001-j7.23753247144e-001
  -6.46430903551e-001-j6.70285426301e-001
  -7.18444842414e-001-j6.08019460230e-001
  -7.82094440131e-001-j5.38226836572e-001
  -8.36941860443e-001-j4.62098534937e-001
  -8.82654310444e-001-j3.80756820821e-001
  -9.18982047877e-001-j2.95267639837e-001
  -9.45742906406e-001-j2.06652666637e-001
  -9.62811673521e-001-j1.15900642502e-001
  -9.70113144470e-001-j2.39779642387e-002
  -9.67618067593e-001+j6.81613331086e-002
  -9.55341516147e-001+j1.59565964377e-001
  -9.33343495878e-001+j2.49277877372e-001
  -9.01731852008e-001+j3.36322549992e-001
  -8.60667799358e-001+j4.19698848010e-001
  -8.10374690049e-001+j4.98368260311e-001
  -7.51150980118e-001+j5.71243466636e-001
  -6.83388784017e-001+j6.37176446342e-001
  -6.07599932558e-001+j6.94946784814e-001
  -5.24452074248e-001+j7.43251605051e-001
  -4.34818031654e-001+j7.80699844244e-001
  -3.39842183185e-001+j8.05815700379e-001
  -2.41027702130e-001+j8.17059383454e-001
  -1.40347240268e-001+j8.12878256140e-001
  -4.03755521709e-002+j7.91808296274e-001
  +5.55670227009e-002+j7.52654025596e-001
  +1.43290248027e-001+j6.94781956896e-001
  +2.17691319517e-001+j6.18560998842e-001
  +2.72902568630e-001+j5.25958332739e-001
  +3.02784972752e-001+j4.21228297828e-001
  +3.01927314175e-001+j3.11495517768e-001
  +2.67193462954e-001+j2.06852756421e-001
  +1.99545821059e-001+j1.19487816974e-001
  +1.05420398643e-001+j6.15475559548e-002
  -3.32751567588e-003+j4.20927192600e-002
  -1.11477828161e-001+j6.43222362280e-002
  -2.03964497986e-001+j1.24501825744e-001
  -2.69322633836e-001+j2.13216753797e-001
  -3.01580017215e-001+j3.18225848885e-001
  -3.00161376801e-001+j4.27464124303e-001
  -2.68441613214e-001+j5.31074918944e-001
  -2.11926496825e-001+j6.22186363971e-001
  -1.36747862813e-001+j6.96756606228e-001
  -4.87113226999e-002+j7.52971815327e-001
  +4.71622938585e-002+j7.90561279320e-001
  +1.46764167660e-001+j8.10214390519e-001
  +2.46845388032e-001+j8.13153808260e-001
  +3.44889894899e-001+j8.00852957844e-001
  +4.38971610023e-001+j7.74863811784e-001
  +5.27623753273e-001+j7.36720396226e-001
  +6.09730365689e-001+j6.87890633066e-001
  +6.84441074126e-001+j6.29757256301e-001
  +7.51106356056e-001+j5.63615215028e-001
  +8.09229466411e-001+j4.90677763673e-001
  +8.58431307982e-001+j4.12086627077e-001
  +8.98425100604e-001+j3.28923649392e-001
  +9.28998372666e-001+j2.42222573765e-001
  +9.50000413350e-001+j1.52980336694e-001
  +9.61333840532e-001+j6.21676880325e-002
  +9.62949358352e-001-j2.92608122263e-002
  +9.54843118935e-001-j1.20357239971e-001
  +9.37056388942e-001-j2.10170952482e-001
  +9.09677478635e-001-j2.97739169764e-001
  +8.72846143263e-001-j3.82077241858e-001
  +8.26760938029e-001-j4.62168404689e-001
  +7.71690322889e-001-j5.36952936484e-001
  +7.07988695516e-001-j6.05316830187e-001
  +6.36118999535e-001-j6.66080458367e-001
  +5.56684116358e-001-j7.17988329471e-001
  +4.70469872752e-001-j7.59702080346e-001
  +3.78503072092e-001-j7.89800561163e-001
  +2.82128206457e-001-j8.06793579363e-001
  +1.83105827788e-001-j8.09159978239e-001
  +8.37327755506e-002-j7.95426556421e-001
  -1.30224991436e-002-j7.64311716980e-001
  -1.03390625699e-001-j7.14965038211e-001
  -1.82724822618e-001-j6.47336233402e-001
  -2.45563215462e-001-j5.62693242376e-001
  -2.85962134824e-001-j4.64260715008e-001
  -2.98257655129e-001-j3.57845655606e-001
  -2.78354792085e-001-j2.52156721986e-001
  -2.25423011391e-001-j1.58378102953e-001
  -1.43482203034e-001-j8.86060510696e-002
  -4.19992540972e-002-j5.31960892562e-002
  +6.52893864504e-002-j5.78385623082e-002
  +1.63294762633e-001-j1.01725766664e-001
  +2.39096035334e-001-j1.77824868184e-001
  +2.84502377847e-001-j2.75098299896e-001
  +2.96762391347e-001-j3.81475927414e-001
  +2.77642307379e-001-j4.86286223110e-001
  +2.31745002547e-001-j5.81524173264e-001
  +1.64884592696e-001-j6.62054790823e-001
  +8.29266413830e-002-j7.25185011906e-001
  -8.85609367166e-003-j7.70016331896e-001
  -1.06037536466e-001-j7.96829471732e-001
  -2.05057278148e-001-j8.06603076894e-001
  -3.03125788936e-001-j8.00679125418e-001
  -3.98091117270e-001-j7.80549763069e-001
  -4.88306401169e-001-j7.47731841096e-001
  -5.72514954500e-001-j7.03699617308e-001
  -6.49757495961e-001-j6.49853658334e-001
  -7.19300393501e-001-j5.87511035378e-001
  -7.80581670435e-001-j5.17907291423e-001
  -8.33171140273e-001-j4.42204383514e-001
  -8.76741399973e-001-j3.61501232937e-001
  -9.11047012088e-001-j2.76845037097e-001
  -9.35909818238e-001-j1.89242420478e-001
  -9.51208864210e-001-j9.96700480458e-002
  -9.56873862252e-001-j9.08463856894e-003
  -9.52881479018e-001+j8.15675102286e-002
  -9.39254038910e-001+j1.71341282045e-001
  -9.16060495745e-001+j2.59283546850e-001
  -8.83419774443e-001+j3.44423768484e-001
  -8.41506841932e-001+j4.25764209538e-001
  -7.90562156013e-001+j5.02269613301e-001
  -7.30905485061e-001+j5.72856405342e-001
  -6.62955510404e-001+j6.36381748093e-001
  -5.87257127233e-001+j6.91633284765e-001
  -5.04518933971e-001+j7.37321256257e-001
  -4.15663969337e-001+j7.72076066371e-001
  -3.21897120995e-001+j7.94456589099e-001
  -2.24792344188e-001+j8.02977913496e-001
  -1.26401003648e-001+j7.96172150265e-001
  -2.93776706008e-002+j7.72702430798e-001
  +6.28910520755e-002+j7.31557385709e-001
  +1.46189171949e-001+j6.72357889405e-001
  +2.15472295801e-001+j5.95801750496e-001
  +2.65076363712e-001+j5.04240457463e-001
  +2.89278901890e-001+j4.02304896094e-001
  +2.83340458399e-001+j2.97363119999e-001
  +2.45011554921e-001+j1.99437942398e-001
  +1.76174370209e-001+j1.20162789342e-001
  +8.38970954562e-002+j7.06096648423e-002
  -1.99524392747e-002+j5.84580262915e-002
  -1.20887263305e-001+j8.56545643260e-002
  -2.05107463769e-001+j1.47776930879e-001
  -2.62500597522e-001+j2.35461956261e-001
  -2.88119956202e-001+j3.37104796516e-001
  -2.81906704463e-001+j4.41529971922e-001
  -2.47295579712e-001+j5.39723388859e-001
  -1.89563484314e-001+j6.25447469362e-001
  -1.14492630712e-001+j6.95055514123e-001
  -2.75323155616e-002+j7.46931538406e-001
  +6.66027729548e-002+j7.80868129190e-001
  +1.64042504990e-001+j7.97539150539e-001
  +2.61712821625e-001+j7.98112717681e-001
  +3.57220383818e-001+j7.83993460052e-001
  +4.48722636809e-001+j7.56664002970e-001
  +5.34808371403e-001+j7.17595082703e-001
  +6.14398005081e-001+j6.68199878712e-001
  +6.86664756206e-001+j6.09815239321e-001
  +7.50974421597e-001+j5.43698368055e-001
  +8.06840401983e-001+j4.71031811509e-001
  +8.53890666799e-001+j3.92932465510e-001
  +8.91843828782e-001+j3.10462160781e-001
  +9.20492082134e-001+j2.24638531903e-001
  +9.39689306496e-001+j1.36445561770e-001
  +9.49343107335e-001+j4.68435977908e-002
  +9.49409949298e-001-j4.32211336815e-002
  +9.39892857713e-001-j1.32807363212e-001
  +9.20841436204e-001-j2.20969752585e-001
  +8.92354197694e-001-j3.06749779097e-001
</dep>
<dep S[2,2] frequency>
  -3.49238776458e-003-j3.15772687387e-002
  -1.27558925423e-002-j6.23649574988e-002
  -2.79553945491e-002-j9.16677880329e-002
  -4.90342887263e-002-j1.18752644381e-001
  -7.58880728803e-002-j1.42848254572e-001
  -1.08362770415e-001-j1.63134181444e-001
  -1.46242524081e-001-j1.78727570428e-001
  -1.89229658334e-001-j1.88668716677e-001
  -2.36915873724e-001-j1.91906337310e-001
  -2.88741811368e-001-j1.87284146658e-001
  -3.43941200214e-001-j1.73531764694e-001
  -4.01464967847e-001-j1.49265435240e-001
  -4.59880424266e-001-j1.13007982743e-001
  -5.17241876400e-001-j6.32434875427e-002
  -5.70933725325e-001+j1.46927192319e-003
  -6.17498652812e-001+j8.22900154744e-002
  -6.52487086751e-001+j1.79752978391e-001
  -6.70405437414e-001+j2.93243441213e-001
  -6.64900267643e-001+j4.20284567179e-001
  -6.29375174642e-001+j5.55717958851e-001
  -5.58236935276e-001+j6.91041660019e-001
  -4.48797476051e-001+j8.14401678379e-001
  -3.03424820073e-001+j9.11841251713e-001
  -1.30956994126e-001+j9.70085176186e-001
  +5.38287000366e-002+j9.80225594712e-001
  +2.33168841211e-001+j9.40679177153e-001
  +3.90663815827e-001+j8.57745749355e-001
  +5.14972853667e-001+j7.43426645100e-001
  +6.01296513351e-001+j6.11796285189e-001
  +6.50587158066e-001+j4.75736206744e-001
  +6.67542540615e-001+j3.45089992916e-001
  +6.58532080033e-001+j2.26252166722e-001
  +6.30085925904e-001+j1.22645519273e-001
  +5.88055069738e-001+j3.55204965231e-002
  +5.37285129251e-001-j3.52753307607e-002
  +4.81595727709e-001-j9.06999031820e-002
  +4.23903723572e-001-j1.32108336021e-001
  +3.66391833158e-001-j1.60998837580e-001
  +3.10672935824e-001-j1.78867804415e-001
  +2.57930087133e-001-j1.87135615347e-001
  +2.09027734263e-001-j1.87115247219e-001
  +1.64596468770e-001-j1.80005280936e-001
  +1.25095947830e-001-j1.66895840142e-001
  +9.08607998860e-002-j1.48780686463e-001
  +6.21336900413e-002-j1.26571660865e-001
  +3.90888670578e-002-j1.01113464866e-001
  +2.18487048489e-002-j7.31978384050e-002
  +1.04950714788e-002-j4.35767995905e-002
  +5.07681608412e-003-j1.29749492962e-002
  +5.61423727642e-003+j1.78989758800e-002
  +1.21010552225e-002+j4.83410277079e-002
  +2.45041230191e-002+j7.76411331502e-002
  +4.27608522476e-002+j1.05072022280e-001
  +6.67740651868e-002+j1.29877696011e-001
  +9.64036947283e-002+j1.51261188342e-001
  +1.31454404355e-001+j1.68371492074e-001
  +1.71657765709e-001+j1.80289732863e-001
  +2.16647084231e-001+j1.86015068664e-001
  +2.65922291573e-001+j1.84451483324e-001
  +3.18801553216e-001+j1.74397830082e-001
  +3.74355490621e-001+j1.54545461015e-001
  +4.31319509689e-001+j1.23490973900e-001
  +4.87980380738e-001+j7.97765415448e-002
  +5.42036374780e-001+j2.19774173173e-002
  +5.90438547731e-001-j5.11345960352e-002
  +6.29238337038e-001-j1.40313651609e-001
  +6.53498685862e-001-j2.45407246750e-001
  +6.57375326318e-001-j3.64745012584e-001
  +6.34532662506e-001-j4.94388520943e-001
  +5.79086216165e-001-j6.27417828320e-001
  +4.87176573830e-001-j7.53635002903e-001
  +3.58975591070e-001-j8.60232719389e-001
  +2.00414626506e-001-j9.33860019318e-001
  +2.35250154746e-002-j9.63879304296e-001
  -1.55434585485e-001-j9.45632099871e-001
  -3.19712545745e-001-j8.82034878360e-001
  -4.56029125847e-001-j7.82562566998e-001
  -5.56970074351e-001-j6.60229651037e-001
  -6.21121221717e-001-j5.28194359447e-001
  -6.51563224334e-001-j3.97363487867e-001
  -6.53849761530e-001-j2.75421715708e-001
  -6.34300726323e-001-j1.66952441397e-001
  -5.98915540395e-001-j7.40936138753e-002
  -5.52850668610e-001+j2.70023600108e-003
  -5.00276007067e-001+j6.40084510522e-002
  -4.44434705644e-001+j1.10971344458e-001
  -3.87786510995e-001+j1.44980206166e-001
  -3.32167483201e-001+j1.67490839288e-001
  -2.78934917594e-001+j1.79921070267e-001
  -2.29086754480e-001+j1.83601236373e-001
  -1.83354777738e-001+j1.79756111694e-001
  -1.42274978062e-001+j1.69504369398e-001
  -1.06239539413e-001+j1.53867077729e-001
  -7.55346710898e-002+j1.33780272164e-001
  -5.03678056308e-002+j1.10108864150e-001
  -3.08869061970e-002+j8.36604864874e-002
  -1.71939306721e-002+j5.51986611720e-002
  -9.35392567810e-003+j2.54551235670e-002
  -7.40076588344e-003-j4.85861561678e-003
  -1.13401885317e-002-j3.50402580488e-002
  -2.11504717332e-002-j6.43859792170e-002
  -3.67808397535e-002-j9.21796651975e-002
  -5.81474226005e-002-j1.17681834606e-001
  -8.51263245177e-002-j1.40117996912e-001
  -1.17543040050e-001-j1.58666288705e-001
  -1.55157070155e-001-j1.72444402673e-001
  -1.97640109059e-001-j1.80496139348e-001
  -2.44545579099e-001-j1.81778468154e-001
  -2.95266597146e-001-j1.75150940132e-001
  -3.48978741911e-001-j1.59370893089e-001
  -4.04563484347e-001-j1.33100481689e-001
  -4.60508370804e-001-j9.49356050441e-002
  -5.14782093042e-001-j4.34727515935e-002
  -5.64688454290e-001+j2.25622460559e-002
  -6.06716276964e-001+j1.04090661015e-001
  -6.36427056053e-001+j2.01324004228e-001
  -6.48462534944e-001+j3.13243225970e-001
  -6.36807247948e-001+j4.36924276133e-001
  -5.95482703818e-001+j5.66820289007e-001
  -5.19818713309e-001+j6.94281515406e-001
  -4.08248374185e-001+j8.07781239994e-001
  -2.64157240233e-001+j8.94339571435e-001
  -9.68523060537e-002+j9.42243741756e-001
  +7.93282664772e-002+j9.44322985632e-001
  +2.47955175543e-001+j9.00287229466e-001
  +3.94401875782e-001+j8.16823433878e-001
  +5.08910212137e-001+j7.05393185015e-001
  +5.87645207653e-001+j5.78973759137e-001
  +6.31839254576e-001+j4.49259709100e-001
  +6.45975365696e-001+j3.25136333792e-001
  +6.35967817838e-001+j2.12377177025e-001
  +6.07846654155e-001+j1.14086878007e-001
  +5.67023789357e-001+j3.14113577583e-002
  +5.18003627869e-001-j3.57803146986e-002
  +4.64360726923e-001-j8.83631352685e-002
  +4.08845703636e-001-j1.27588053949e-001
  +3.53533646707e-001-j1.54849736652e-001
  +2.99970773059e-001-j1.71551764173e-001
  +2.49300858440e-001-j1.79035856398e-001
  +2.02366709334e-001-j1.78550516157e-001
  +1.59788227009e-001-j1.71242564036e-001
  +1.22020870983e-001-j1.58161123055e-001
  +8.93986548230e-002-j1.40267772329e-001
  +6.21653387196e-002-j1.18449268768e-001
  +4.04967788000e-002-j9.35308935708e-002
  +2.45166972289e-002-j6.62894740335e-002
  +1.43075372741e-002-j3.74657107418e-002
  +9.91757899620e-003-j7.77576875271e-003
  +1.13650995299e-002+j2.20777287405e-002
  +1.86400424384e-002+j5.13950730188e-002
  +3.17033867541e-002+j7.94689369409e-002
  +5.04841521175e-002+j1.05573659721e-001
  +7.48737166763e-002+j1.28954100090e-001
  +1.04716833933e-001+j1.48813878679e-001
  +1.39798388067e-001+j1.64302968700e-001
  +1.79824499919e-001+j1.74504847366e-001
  +2.24396069441e-001+j1.78423868548e-001
  +2.72972216300e-001+j1.74974287959e-001
  +3.24820408857e-001+j1.62973664337e-001
  +3.78949513217e-001+j1.41145465183e-001
  +4.34021932831e-001+j1.08139015055e-001
  +4.88242253827e-001+j6.25798744394e-002
  +5.39223902706e-001+j3.17058470365e-003
  +5.83844902176e-001-j7.11300736002e-002
  +6.18122756145e-001-j1.60814254202e-001
  +6.37170937854e-001-j2.65385208593e-001
  +6.35345718524e-001-j3.82761922971e-001
  +6.06738771681e-001-j5.08590689982e-001
  +5.46175399166e-001-j6.35662380790e-001
  +4.50760857682e-001-j7.53814927737e-001
  +3.21702827162e-001-j8.50806702226e-001
  +1.65685495711e-001-j9.14452715138e-001
  -5.18577294768e-003-j9.35669931831e-001
  -1.75439923153e-001-j9.11253065082e-001
  -3.29760079040e-001-j8.44945991640e-001
  -4.56431654166e-001-j7.46188952892e-001
  -5.49234883029e-001-j6.27264433441e-001
  -6.07350094797e-001-j5.00294368974e-001
  -6.33911924531e-001-j3.75207772511e-001
  -6.34190980584e-001-j2.58963972617e-001
  -6.14089988457e-001-j1.55707033914e-001
  -5.79192426505e-001-j6.73673344052e-002
  -5.34304863563e-001+j5.65400360313e-003
  -4.83330594228e-001+j6.39026286323e-002
  -4.29322569205e-001+j1.08444705860e-001
  -3.74611242892e-001+j1.40585050505e-001
  -3.20948189818e-001+j1.61695592342e-001
  -2.69637491071e-001+j1.73119611436e-001
  -2.21644866135e-001+j1.76124352662e-001
  -1.77683512701e-001+j1.71882754430e-001
  -1.38279393437e-001+j1.61471700734e-001
  -1.03819805631e-001+j1.45878993672e-001
  -7.45889501892e-002+j1.26014430495e-001
  -5.07936429873e-002+j1.02722390451e-001
  -3.25816435244e-002+j7.67945746019e-002
  -2.00544611856e-002+j4.89822786336e-002
  -1.32759831447e-002+j2.00080056470e-002
  -1.22778491228e-002-j9.42353391069e-003
  -1.70621580098e-002-j3.86148588490e-002
  -2.76018053821e-002-j6.68653511100e-002
  -4.38384942477e-002-j9.34608273483e-002
  -6.56782094606e-002-j1.17662802445e-001
  -9.29836750535e-002-j1.38697251570e-001
  -1.25562999018e-001-j1.55742786833e-001
  -1.63153328213e-001-j1.67918367916e-001
  -2.05397867568e-001-j1.74271027043e-001
  -2.51814056776e-001-j1.73764710964e-001
  -3.01750074096e-001-j1.65272388530e-001
  -3.54326261284e-001-j1.47575283588e-001
  -4.08357814719e-001-j1.19375803236e-001
  -4.62255766916e-001-j7.93348403401e-002
  -5.13906063612e-001-j2.61499597285e-002
  -5.60533499279e-001+j4.13016403076e-002
  -5.98571626821e-001+j1.23724196336e-001
  -6.23585444742e-001+j2.21035008081e-001
  -6.30332858086e-001+j3.31846881519e-001
  -6.13097087237e-001+j4.52830124446e-001
  -5.66447288994e-001+j5.78087323681e-001
  -4.86526811471e-001+j6.98834408399e-001
  -3.72747739216e-001+j8.03827074418e-001
  -2.29375886796e-001+j8.80924491370e-001
  -6.61263777242e-002+j9.19742273226e-001
  +1.03014793778e-001+j9.14577040412e-001
  +2.62708825786e-001+j8.66239339723e-001
  +3.99785741689e-001+j7.81780712095e-001
  +5.05807291837e-001+j6.72273216332e-001
  +5.77777367998e-001+j5.49837121438e-001
  +6.17221193680e-001+j4.25209527036e-001
  +6.28505311528e-001+j3.06476188501e-001
  +6.17213131141e-001+j1.98867675280e-001
  +5.88986068280e-001+j1.05187085577e-001
  +5.48880195398e-001+j2.64569631641e-002
  +5.01113239512e-001-j3.74658724807e-002
  +4.49046436717e-001-j8.74095831658e-002
  +3.95280122975e-001-j1.24553330180e-001
  +3.41787797242e-001-j1.50214769323e-001
  +2.90049328845e-001-j1.65725295563e-001
  +2.41166543554e-001-j1.72363495151e-001
  +1.95956617804e-001-j1.71324840039e-001
  +1.55024405855e-001-j1.63712713718e-001
  +1.18816951332e-001-j1.50541243030e-001
  +8.76638140402e-002-j1.32744136131e-001
  +6.18064804896e-002-j1.11186155772e-001
  +4.14195260556e-002-j8.66753779708e-002
  +2.66255849436e-002-j5.99753096458e-002
  +1.75056465349e-002-j3.18164846465e-002
  +1.41057516613e-002-j2.90747169282e-003
  +1.64407997196e-002+j2.60545978768e-002
  +2.44958765175e-002+j5.43737839692e-002
  +3.82252497928e-002+j8.13451362112e-002
  +5.75489308730e-002+j1.06244299389e-001
  +8.23464436576e-002+j1.28316724408e-001
  +1.12447152866e-001+j1.46766368601e-001
  +1.47616159560e-001+j1.60743931878e-001
  +1.87534353277e-001+j1.69334966025e-001
  +2.31770706321e-001+j1.71548697247e-001
  +2.79744321925e-001+j1.66309249374e-001
  +3.30673178938e-001+j1.52452346621e-001
  +3.83506151232e-001+j1.28732793155e-001
  +4.36835165759e-001+j9.38514283269e-002
  +4.88786188504e-001+j4.65151848551e-002
  +5.36892709209e-001-j1.44496162562e-002
  +5.77966154738e-001-j8.99034442077e-002
  +6.07997729583e-001-j1.80087421108e-001
  +6.22158566145e-001-j2.84179186645e-001
  +6.15007586846e-001-j3.99716653066e-001
  +5.81051855024e-001-j5.21972731968e-001
  +5.15787082413e-001-j6.43497949773e-001
  +4.17203630089e-001-j7.54203182156e-001
  +2.87427222394e-001-j8.42404065977e-001
  +1.33772317981e-001-j8.96993237150e-001
  -3.16452589133e-002-j9.10271595276e-001
  -1.94089818671e-001-j8.80288600336e-001
  -3.39513009424e-001-j8.11478557385e-001
  -4.57555232360e-001-j7.13232348378e-001
  -5.43024904824e-001-j5.97198170092e-001
  -5.95621587203e-001-j4.74610317763e-001
  -6.18542657933e-001-j3.54556922913e-001
  -6.16832863662e-001-j2.43364522070e-001
  -5.96048401135e-001-j1.44783331818e-001
  -5.61419603145e-001-j6.05469921921e-002
  -5.17450129010e-001+j9.00576818327e-003
  -4.67807865674e-001+j6.44043702713e-002
  -4.15374230447e-001+j1.06659944446e-001
  -3.62360298451e-001+j1.37008229827e-001
  -3.10437472576e-001+j1.56751740235e-001
  -2.60857611534e-001+j1.67170608730e-001
  -2.14553390300e-001+j1.69477691583e-001
  -1.72217717087e-001+j1.64800604800e-001
  -1.34364494203e-001+j1.54179257161e-001
  -1.01374076111e-001+j1.38571717192e-001
  -7.35267312861e-002+j1.18864127316e-001
  -5.10269356954e-002+j9.58822226709e-002
  -3.40207426659e-002+j7.04031546522e-002
  -2.26079256598e-002+j4.31670074961e-002
  -1.68501223525e-002+j1.48878002446e-002
  -1.67758227562e-002-j1.37360034361e-002
  -2.23827256983e-002-j4.20113300989e-002
  -3.36377154866e-002-j6.92404682287e-002
  -5.04744615128e-002-j9.47109524313e-002
</dep>
