<Qucs Dataset 0.0.18>
<indep frequency 300>
  +1.00000000000e+006
  +2.00000000000e+006
  +3.00000000000e+006
  +4.00000000000e+006
  +5.00000000000e+006
  +6.00000000000e+006
  +7.00000000000e+006
  +8.00000000000e+006
  +9.00000000000e+006
  +1.00000000000e+007
  +1.10000000000e+007
  +1.20000000000e+007
  +1.30000000000e+007
  +1.40000000000e+007
  +1.50000000000e+007
  +1.60000000000e+007
  +1.70000000000e+007
  +1.80000000000e+007
  +1.90000000000e+007
  +2.00000000000e+007
  +2.10000000000e+007
  +2.20000000000e+007
  +2.30000000000e+007
  +2.40000000000e+007
  +2.50000000000e+007
  +2.60000000000e+007
  +2.70000000000e+007
  +2.80000000000e+007
  +2.90000000000e+007
  +3.00000000000e+007
  +3.10000000000e+007
  +3.20000000000e+007
  +3.30000000000e+007
  +3.40000000000e+007
  +3.50000000000e+007
  +3.60000000000e+007
  +3.70000000000e+007
  +3.80000000000e+007
  +3.90000000000e+007
  +4.00000000000e+007
  +4.10000000000e+007
  +4.20000000000e+007
  +4.30000000000e+007
  +4.40000000000e+007
  +4.50000000000e+007
  +4.60000000000e+007
  +4.70000000000e+007
  +4.80000000000e+007
  +4.90000000000e+007
  +5.00000000000e+007
  +5.10000000000e+007
  +5.20000000000e+007
  +5.30000000000e+007
  +5.40000000000e+007
  +5.50000000000e+007
  +5.60000000000e+007
  +5.70000000000e+007
  +5.80000000000e+007
  +5.90000000000e+007
  +6.00000000000e+007
  +6.10000000000e+007
  +6.20000000000e+007
  +6.30000000000e+007
  +6.40000000000e+007
  +6.50000000000e+007
  +6.60000000000e+007
  +6.70000000000e+007
  +6.80000000000e+007
  +6.90000000000e+007
  +7.00000000000e+007
  +7.10000000000e+007
  +7.20000000000e+007
  +7.30000000000e+007
  +7.40000000000e+007
  +7.50000000000e+007
  +7.60000000000e+007
  +7.70000000000e+007
  +7.80000000000e+007
  +7.90000000000e+007
  +8.00000000000e+007
  +8.10000000000e+007
  +8.20000000000e+007
  +8.30000000000e+007
  +8.40000000000e+007
  +8.50000000000e+007
  +8.60000000000e+007
  +8.70000000000e+007
  +8.80000000000e+007
  +8.90000000000e+007
  +9.00000000000e+007
  +9.10000000000e+007
  +9.20000000000e+007
  +9.30000000000e+007
  +9.40000000000e+007
  +9.50000000000e+007
  +9.60000000000e+007
  +9.70000000000e+007
  +9.80000000000e+007
  +9.90000000000e+007
  +1.00000000000e+008
  +1.01000000000e+008
  +1.02000000000e+008
  +1.03000000000e+008
  +1.04000000000e+008
  +1.05000000000e+008
  +1.06000000000e+008
  +1.07000000000e+008
  +1.08000000000e+008
  +1.09000000000e+008
  +1.10000000000e+008
  +1.11000000000e+008
  +1.12000000000e+008
  +1.13000000000e+008
  +1.14000000000e+008
  +1.15000000000e+008
  +1.16000000000e+008
  +1.17000000000e+008
  +1.18000000000e+008
  +1.19000000000e+008
  +1.20000000000e+008
  +1.21000000000e+008
  +1.22000000000e+008
  +1.23000000000e+008
  +1.24000000000e+008
  +1.25000000000e+008
  +1.26000000000e+008
  +1.27000000000e+008
  +1.28000000000e+008
  +1.29000000000e+008
  +1.30000000000e+008
  +1.31000000000e+008
  +1.32000000000e+008
  +1.33000000000e+008
  +1.34000000000e+008
  +1.35000000000e+008
  +1.36000000000e+008
  +1.37000000000e+008
  +1.38000000000e+008
  +1.39000000000e+008
  +1.40000000000e+008
  +1.41000000000e+008
  +1.42000000000e+008
  +1.43000000000e+008
  +1.44000000000e+008
  +1.45000000000e+008
  +1.46000000000e+008
  +1.47000000000e+008
  +1.48000000000e+008
  +1.49000000000e+008
  +1.50000000000e+008
  +1.51000000000e+008
  +1.52000000000e+008
  +1.53000000000e+008
  +1.54000000000e+008
  +1.55000000000e+008
  +1.56000000000e+008
  +1.57000000000e+008
  +1.58000000000e+008
  +1.59000000000e+008
  +1.60000000000e+008
  +1.61000000000e+008
  +1.62000000000e+008
  +1.63000000000e+008
  +1.64000000000e+008
  +1.65000000000e+008
  +1.66000000000e+008
  +1.67000000000e+008
  +1.68000000000e+008
  +1.69000000000e+008
  +1.70000000000e+008
  +1.71000000000e+008
  +1.72000000000e+008
  +1.73000000000e+008
  +1.74000000000e+008
  +1.75000000000e+008
  +1.76000000000e+008
  +1.77000000000e+008
  +1.78000000000e+008
  +1.79000000000e+008
  +1.80000000000e+008
  +1.81000000000e+008
  +1.82000000000e+008
  +1.83000000000e+008
  +1.84000000000e+008
  +1.85000000000e+008
  +1.86000000000e+008
  +1.87000000000e+008
  +1.88000000000e+008
  +1.89000000000e+008
  +1.90000000000e+008
  +1.91000000000e+008
  +1.92000000000e+008
  +1.93000000000e+008
  +1.94000000000e+008
  +1.95000000000e+008
  +1.96000000000e+008
  +1.97000000000e+008
  +1.98000000000e+008
  +1.99000000000e+008
  +2.00000000000e+008
  +2.01000000000e+008
  +2.02000000000e+008
  +2.03000000000e+008
  +2.04000000000e+008
  +2.05000000000e+008
  +2.06000000000e+008
  +2.07000000000e+008
  +2.08000000000e+008
  +2.09000000000e+008
  +2.10000000000e+008
  +2.11000000000e+008
  +2.12000000000e+008
  +2.13000000000e+008
  +2.14000000000e+008
  +2.15000000000e+008
  +2.16000000000e+008
  +2.17000000000e+008
  +2.18000000000e+008
  +2.19000000000e+008
  +2.20000000000e+008
  +2.21000000000e+008
  +2.22000000000e+008
  +2.23000000000e+008
  +2.24000000000e+008
  +2.25000000000e+008
  +2.26000000000e+008
  +2.27000000000e+008
  +2.28000000000e+008
  +2.29000000000e+008
  +2.30000000000e+008
  +2.31000000000e+008
  +2.32000000000e+008
  +2.33000000000e+008
  +2.34000000000e+008
  +2.35000000000e+008
  +2.36000000000e+008
  +2.37000000000e+008
  +2.38000000000e+008
  +2.39000000000e+008
  +2.40000000000e+008
  +2.41000000000e+008
  +2.42000000000e+008
  +2.43000000000e+008
  +2.44000000000e+008
  +2.45000000000e+008
  +2.46000000000e+008
  +2.47000000000e+008
  +2.48000000000e+008
  +2.49000000000e+008
  +2.50000000000e+008
  +2.51000000000e+008
  +2.52000000000e+008
  +2.53000000000e+008
  +2.54000000000e+008
  +2.55000000000e+008
  +2.56000000000e+008
  +2.57000000000e+008
  +2.58000000000e+008
  +2.59000000000e+008
  +2.60000000000e+008
  +2.61000000000e+008
  +2.62000000000e+008
  +2.63000000000e+008
  +2.64000000000e+008
  +2.65000000000e+008
  +2.66000000000e+008
  +2.67000000000e+008
  +2.68000000000e+008
  +2.69000000000e+008
  +2.70000000000e+008
  +2.71000000000e+008
  +2.72000000000e+008
  +2.73000000000e+008
  +2.74000000000e+008
  +2.75000000000e+008
  +2.76000000000e+008
  +2.77000000000e+008
  +2.78000000000e+008
  +2.79000000000e+008
  +2.80000000000e+008
  +2.81000000000e+008
  +2.82000000000e+008
  +2.83000000000e+008
  +2.84000000000e+008
  +2.85000000000e+008
  +2.86000000000e+008
  +2.87000000000e+008
  +2.88000000000e+008
  +2.89000000000e+008
  +2.90000000000e+008
  +2.91000000000e+008
  +2.92000000000e+008
  +2.93000000000e+008
  +2.94000000000e+008
  +2.95000000000e+008
  +2.96000000000e+008
  +2.97000000000e+008
  +2.98000000000e+008
  +2.99000000000e+008
  +3.00000000000e+008
</indep>
<dep phaseS21 frequency>
  -1.82112449419e+000
  -3.64224898837e+000
  -5.46337348256e+000
  -7.28449797674e+000
  -9.10562247093e+000
  -1.09267469651e+001
  -1.27478714593e+001
  -1.45689959535e+001
  -1.63901204477e+001
  -1.82112449419e+001
  -2.00323694360e+001
  -2.18534939302e+001
  -2.36746184244e+001
  -2.54957429186e+001
  -2.73168674128e+001
  -2.91379919070e+001
  -3.09591164011e+001
  -3.27802408953e+001
  -3.46013653895e+001
  -3.64224898837e+001
  -3.82436143779e+001
  -4.00647388720e+001
  -4.18858633662e+001
  -4.37069878604e+001
  -4.55281123546e+001
  -4.73492368487e+001
  -4.91703613429e+001
  -5.09914858371e+001
  -5.28126103313e+001
  -5.46337348254e+001
  -5.64548593196e+001
  -5.82759838138e+001
  -6.00971083080e+001
  -6.19182328021e+001
  -6.37393572963e+001
  -6.55604817905e+001
  -6.73816062846e+001
  -6.92027307788e+001
  -7.10238552730e+001
  -7.28449797672e+001
  -7.46661042613e+001
  -7.64872287555e+001
  -7.83083532497e+001
  -8.01294777438e+001
  -8.19506022380e+001
  -8.37717267322e+001
  -8.55928512263e+001
  -8.74139757205e+001
  -8.92351002147e+001
  -9.10562247088e+001
  -9.28773492030e+001
  -9.46984736972e+001
  -9.65195981913e+001
  -9.83407226855e+001
  -1.00161847180e+002
  -1.01982971674e+002
  -1.03804096168e+002
  -1.05625220662e+002
  -1.07446345156e+002
  -1.09267469651e+002
  -1.11088594145e+002
  -1.12909718639e+002
  -1.14730843133e+002
  -1.16551967627e+002
  -1.18373092121e+002
  -1.20194216616e+002
  -1.22015341110e+002
  -1.23836465604e+002
  -1.25657590098e+002
  -1.27478714592e+002
  -1.29299839086e+002
  -1.31120963581e+002
  -1.32942088075e+002
  -1.34763212569e+002
  -1.36584337063e+002
  -1.38405461557e+002
  -1.40226586051e+002
  -1.42047710546e+002
  -1.43868835040e+002
  -1.45689959534e+002
  -1.47511084028e+002
  -1.49332208522e+002
  -1.51153333017e+002
  -1.52974457511e+002
  -1.54795582005e+002
  -1.56616706499e+002
  -1.58437830993e+002
  -1.60258955487e+002
  -1.62080079982e+002
  -1.63901204476e+002
  -1.65722328970e+002
  -1.67543453464e+002
  -1.69364577958e+002
  -1.71185702453e+002
  -1.73006826947e+002
  -1.74827951441e+002
  -1.76649075935e+002
  -1.78470200429e+002
  +1.79708675076e+002
  +1.77887550582e+002
  +1.76066426088e+002
  +1.74245301594e+002
  +1.72424177100e+002
  +1.70603052606e+002
  +1.68781928111e+002
  +1.66960803617e+002
  +1.65139679123e+002
  +1.63318554629e+002
  +1.61497430135e+002
  +1.59676305640e+002
  +1.57855181146e+002
  +1.56034056652e+002
  +1.54212932158e+002
  +1.52391807664e+002
  +1.50570683170e+002
  +1.48749558675e+002
  +1.46928434181e+002
  +1.45107309687e+002
  +1.43286185193e+002
  +1.41465060699e+002
  +1.39643936204e+002
  +1.37822811710e+002
  +1.36001687216e+002
  +1.34180562722e+002
  +1.32359438228e+002
  +1.30538313734e+002
  +1.28717189239e+002
  +1.26896064745e+002
  +1.25074940251e+002
  +1.23253815757e+002
  +1.21432691263e+002
  +1.19611566769e+002
  +1.17790442274e+002
  +1.15969317780e+002
  +1.14148193286e+002
  +1.12327068792e+002
  +1.10505944298e+002
  +1.08684819804e+002
  +1.06863695309e+002
  +1.05042570815e+002
  +1.03221446321e+002
  +1.01400321827e+002
  +9.95791973327e+001
  +9.77580728385e+001
  +9.59369483443e+001
  +9.41158238502e+001
  +9.22946993560e+001
  +9.04735748618e+001
  +8.86524503677e+001
  +8.68313258735e+001
  +8.50102013793e+001
  +8.31890768852e+001
  +8.13679523910e+001
  +7.95468278968e+001
  +7.77257034027e+001
  +7.59045789085e+001
  +7.40834544143e+001
  +7.22623299202e+001
  +7.04412054260e+001
  +6.86200809318e+001
  +6.67989564376e+001
  +6.49778319435e+001
  +6.31567074493e+001
  +6.13355829551e+001
  +5.95144584610e+001
  +5.76933339668e+001
  +5.58722094726e+001
  +5.40510849784e+001
  +5.22299604843e+001
  +5.04088359901e+001
  +4.85877114959e+001
  +4.67665870017e+001
  +4.49454625076e+001
  +4.31243380134e+001
  +4.13032135192e+001
  +3.94820890250e+001
  +3.76609645308e+001
  +3.58398400367e+001
  +3.40187155425e+001
  +3.21975910483e+001
  +3.03764665541e+001
  +2.85553420599e+001
  +2.67342175658e+001
  +2.49130930716e+001
  +2.30919685774e+001
  +2.12708440832e+001
  +1.94497195890e+001
  +1.76285950948e+001
  +1.58074706007e+001
  +1.39863461065e+001
  +1.21652216123e+001
  +1.03440971181e+001
  +8.52297262392e+000
  +6.70184812974e+000
  +4.88072363555e+000
  +3.05959914137e+000
  +1.23847464718e+000
  -5.82649847006e-001
  -2.40377434119e+000
  -4.22489883538e+000
  -6.04602332956e+000
  -7.86714782375e+000
  -9.68827231793e+000
  -1.15093968121e+001
  -1.33305213063e+001
  -1.51516458005e+001
  -1.69727702947e+001
  -1.87938947889e+001
  -2.06150192830e+001
  -2.24361437772e+001
  -2.42572682714e+001
  -2.60783927656e+001
  -2.78995172598e+001
  -2.97206417540e+001
  -3.15417662481e+001
  -3.33628907423e+001
  -3.51840152365e+001
  -3.70051397307e+001
  -3.88262642249e+001
  -4.06473887190e+001
  -4.24685132132e+001
  -4.42896377074e+001
  -4.61107622016e+001
  -4.79318866957e+001
  -4.97530111899e+001
  -5.15741356841e+001
  -5.33952601783e+001
  -5.52163846724e+001
  -5.70375091666e+001
  -5.88586336608e+001
  -6.06797581550e+001
  -6.25008826491e+001
  -6.43220071433e+001
  -6.61431316375e+001
  -6.79642561316e+001
  -6.97853806258e+001
  -7.16065051200e+001
  -7.34276296142e+001
  -7.52487541083e+001
  -7.70698786025e+001
  -7.88910030967e+001
  -8.07121275908e+001
  -8.25332520850e+001
  -8.43543765792e+001
  -8.61755010733e+001
  -8.79966255675e+001
  -8.98177500617e+001
  -9.16388745558e+001
  -9.34599990500e+001
  -9.52811235442e+001
  -9.71022480383e+001
  -9.89233725325e+001
  -1.00744497027e+002
  -1.02565621521e+002
  -1.04386746015e+002
  -1.06207870509e+002
  -1.08028995003e+002
  -1.09850119498e+002
  -1.11671243992e+002
  -1.13492368486e+002
  -1.15313492980e+002
  -1.17134617474e+002
  -1.18955741968e+002
  -1.20776866463e+002
  -1.22597990957e+002
  -1.24419115451e+002
  -1.26240239945e+002
  -1.28061364439e+002
  -1.29882488933e+002
  -1.31703613428e+002
  -1.33524737922e+002
  -1.35345862416e+002
  -1.37166986910e+002
  -1.38988111404e+002
  -1.40809235898e+002
  -1.42630360393e+002
  -1.44451484887e+002
  -1.46272609381e+002
  -1.48093733875e+002
  -1.49914858369e+002
  -1.51735982864e+002
  -1.53557107358e+002
  -1.55378231852e+002
  -1.57199356346e+002
  -1.59020480840e+002
  -1.60841605334e+002
  -1.62662729829e+002
  -1.64483854323e+002
  -1.66304978817e+002
  -1.68126103311e+002
  -1.69947227805e+002
  -1.71768352300e+002
  -1.73589476794e+002
  -1.75410601288e+002
  -1.77231725782e+002
  -1.79052850276e+002
  +1.79126025229e+002
  +1.77304900735e+002
  +1.75483776241e+002
  +1.73662651747e+002
</dep>
<dep phaseS11 frequency>
  +8.73346322924e+001
  +8.57446057731e+001
  +8.40263527227e+001
  +8.22670013634e+001
  +8.04884529244e+001
  +7.86991540204e+001
  +7.69031435168e+001
  +7.51026272833e+001
  +7.32989252401e+001
  +7.14928818291e+001
  +6.96850657344e+001
  +6.78758758390e+001
  +6.60656013573e+001
  +6.42544578581e+001
  +6.24426098279e+001
  +6.06301853391e+001
  +5.88172858930e+001
  +5.70039932086e+001
  +5.51903740163e+001
  +5.33764835164e+001
  +5.15623679198e+001
  +4.97480663470e+001
  +4.79336122685e+001
  +4.61190346127e+001
  +4.43043586298e+001
  +4.24896065718e+001
  +4.06747982360e+001
  +3.88599514021e+001
  +3.70450821887e+001
  +3.52302053464e+001
  +3.34153345020e+001
  +3.16004823630e+001
  +2.97856608921e+001
  +2.79708814566e+001
  +2.61561549587e+001
  +2.43414919505e+001
  +2.25269027365e+001
  +2.07123974669e+001
  +1.88979862237e+001
  +1.70836791016e+001
  +1.52694862846e+001
  +1.34554181213e+001
  +1.16414851987e+001
  +9.82769841657e+000
  +8.01406906332e+000
  +6.20060889457e+000
  +4.38733021578e+000
  +2.57424596995e+000
  +7.61369831949e-001
  -1.05128368918e+000
  -2.86369913827e+000
  -4.67585999052e+000
  -6.48774851441e+000
  -8.29934561856e+000
  -1.01106306796e+001
  -1.19215813481e+001
  -1.37321733278e+001
  -1.55423801246e+001
  -1.73521727585e+001
  -1.91615194333e+001
  -2.09703851539e+001
  -2.27787312831e+001
  -2.45865150257e+001
  -2.63936888232e+001
  -2.82001996436e+001
  -3.00059881419e+001
  -3.18109876622e+001
  -3.36151230479e+001
  -3.54183092124e+001
  -3.72204494136e+001
  -3.90214331566e+001
  -4.08211336295e+001
  -4.26194045431e+001
  -4.44160762086e+001
  -4.62109506292e+001
  -4.80037953025e+001
  -4.97943353214e+001
  -5.15822432024e+001
  -5.33671256382e+001
  -5.51485060345e+001
  -5.69258011748e+001
  -5.86982895755e+001
  -6.04650678598e+001
  -6.22249895015e+001
  -6.39765770287e+001
  -6.57178932260e+001
  -6.74463471165e+001
  -6.91583926448e+001
  -7.08490438180e+001
  -7.25110611622e+001
  -7.41335165244e+001
  -7.56991013866e+001
  -7.71786768922e+001
  -7.85190918861e+001
  -7.96120677902e+001
  -8.01979251713e+001
  -7.94609470392e+001
  -7.29064657748e+001
  +3.38719410939e+001
  +7.63260012633e+001
  +7.97598575238e+001
  +7.99027238992e+001
  +7.91080785174e+001
  +7.79186293192e+001
  +7.65261507226e+001
  +7.50155779684e+001
  +7.34302952154e+001
  +7.17947711229e+001
  +7.01238533887e+001
  +6.84270739679e+001
  +6.67108326702e+001
  +6.49795862294e+001
  +6.32365339727e+001
  +6.14840323222e+001
  +5.97238554996e+001
  +5.79573651303e+001
  +5.61856238413e+001
  +5.44094733055e+001
  +5.26295890703e+001
  +5.08465198486e+001
  +4.90607161789e+001
  +4.72725516658e+001
  +4.54823389513e+001
  +4.36903418822e+001
  +4.18967848923e+001
  +4.01018603158e+001
  +3.83057341494e+001
  +3.65085506324e+001
  +3.47104359222e+001
  +3.29115010681e+001
  +3.11118444363e+001
  +2.93115537031e+001
  +2.75107075050e+001
  +2.57093768155e+001
  +2.39076261018e+001
  +2.21055143033e+001
  +2.03030956672e+001
  +1.85004204660e+001
  +1.66975356197e+001
  +1.48944852409e+001
  +1.30913111156e+001
  +1.12880531330e+001
  +9.48474967396e+000
  +7.68143796717e+000
  +5.87815441927e+000
  +4.07493492672e+000
  +2.27181517464e+000
  +4.68830928154e-001
  -1.33398167867e+000
  -3.13658585120e+000
  -4.93894383498e+000
  -6.74101660372e+000
  -8.54276352886e+000
  -1.03441420250e+001
  -1.21451071640e+001
  -1.39456112512e+001
  -1.57456033535e+001
  -1.75450287710e+001
  -1.93438284382e+001
  -2.11419382423e+001
  -2.29392882394e+001
  -2.47358017495e+001
  -2.65313943032e+001
  -2.83259724085e+001
  -3.01194320995e+001
  -3.19116572167e+001
  -3.37025173576e+001
  -3.54918654189e+001
  -3.72795346310e+001
  -3.90653349540e+001
  -4.08490486699e+001
  -4.26304249485e+001
  -4.44091730987e+001
  -4.61849541141e+001
  -4.79573699873e+001
  -4.97259500734e+001
  -5.14901335024e+001
  -5.32492462385e+001
  -5.50024707801e+001
  -5.67488055896e+001
  -5.84870099502e+001
  -6.02155277487e+001
  -6.19323801540e+001
  -6.36350112999e+001
  -6.53200610813e+001
  -6.69830214813e+001
  -6.86177002992e+001
  -7.02153534549e+001
  -7.17632196431e+001
  -7.32419152681e+001
  -7.46205027927e+001
  -7.58463888917e+001
  -7.68224078505e+001
  -7.73471309838e+001
  -7.69250923244e+001
  -7.39368218394e+001
  -5.89420416703e+001
  +3.86866576968e+001
  +7.10322453559e+001
  +7.61462656780e+001
  +7.71805165399e+001
  +7.69114373809e+001
  +7.60659241747e+001
  +7.49156872669e+001
  +7.35850197498e+001
  +7.21387684139e+001
  +7.06140597643e+001
  +6.90336762940e+001
  +6.74123717816e+001
  +6.57601211244e+001
  +6.40839102952e+001
  +6.23887780534e+001
  +6.06784504851e+001
  +5.89557426597e+001
  +5.72228213571e+001
  +5.54813818674e+001
  +5.37327699522e+001
  +5.19780678371e+001
  +5.02181560308e+001
  +4.84537585458e+001
  +4.66854764987e+001
  +4.49138134321e+001
  +4.31391946459e+001
  +4.13619821304e+001
  +3.95824862280e+001
  +3.78009748324e+001
  +3.60176807132e+001
  +3.42328073992e+001
  +3.24465339434e+001
  +3.06590188126e+001
  +2.88704030858e+001
  +2.70808131037e+001
  +2.52903626795e+001
  +2.34991549557e+001
  +2.17072839756e+001
  +1.99148360220e+001
  +1.81218907669e+001
  +1.63285222667e+001
  +1.45347998303e+001
  +1.27407887837e+001
  +1.09465511510e+001
  +9.15214626553e+000
  +7.35763132788e+000
  +5.56306191943e+000
  +3.76849248381e+000
  +1.97397678423e+000
  +1.79568345586e-001
  -1.61467911108e+000
  -3.40871123418e+000
  -5.20247259974e+000
  -6.99590625439e+000
  -8.78895323533e+000
  -1.05815520584e+001
  -1.23736381648e+001
  -1.41651433156e+001
  -1.59559949212e+001
  -1.77461152926e+001
  -1.95354207956e+001
  -2.13238208887e+001
  -2.31112170208e+001
  -2.48975013573e+001
  -2.66825553001e+001
  -2.84662477553e+001
  -3.02484330941e+001
  -3.20289487371e+001
  -3.38076122739e+001
  -3.55842180082e+001
  -3.73585327851e+001
  -3.91302909179e+001
  -4.08991879765e+001
  -4.26648731243e+001
  -4.44269395879e+001
  -4.61849127067e+001
  -4.79382348073e+001
  -4.96862458722e+001
  -5.14281585710e+001
  -5.31630256326e+001
  -5.48896966704e+001
  -5.66067602541e+001
  -5.83124649909e+001
  -6.00046101709e+001
  -6.16803913494e+001
  -6.33361776066e+001
  -6.49671824351e+001
  -6.65669639013e+001
  -6.81266410748e+001
  -6.96336193992e+001
  -7.10694246201e+001
  -7.24058233285e+001
  -7.35974129195e+001
  -7.45662760550e+001
  -7.51666878509e+001
  -7.50915595790e+001
  -7.35681451383e+001
  -6.79916734960e+001
  -4.33877645583e+001
  +4.10875871962e+001
  +6.74378422124e+001
  +7.33000549708e+001
  +7.49103784757e+001
</dep>
<dep dBS21 frequency>
  -4.06962136771e-003
  -5.91703629775e-003
  -7.39884345905e-003
  -8.69139811321e-003
  -9.86300998607e-003
  -1.09487124638e-002
  -1.19693169848e-002
  -1.29383833523e-002
  -1.38653302380e-002
  -1.47570153194e-002
  -1.56186155890e-002
  -1.64541530549e-002
  -1.72668262094e-002
  -1.80592283773e-002
  -1.88334968303e-002
  -1.95914177442e-002
  -2.03345020019e-002
  -2.10640411687e-002
  -2.17811496324e-002
  -2.24867968714e-002
  -2.31818325387e-002
  -2.38670062251e-002
  -2.45429832184e-002
  -2.52103572085e-002
  -2.58696606325e-002
  -2.65213731724e-002
  -2.71659287958e-002
  -2.78037216321e-002
  -2.84351109119e-002
  -2.90604251460e-002
  -2.96799656820e-002
  -3.02940097483e-002
  -3.09028130733e-002
  -3.15066121499e-002
  -3.21056262021e-002
  -3.27000589001e-002
  -3.32900998634e-002
  -3.38759259810e-002
  -3.44577025769e-002
  -3.50355844421e-002
  -3.56097167503e-002
  -3.61802358744e-002
  -3.67472701162e-002
  -3.73109403592e-002
  -3.78713606556e-002
  -3.84286387554e-002
  -3.89828765826e-002
  -3.95341706676e-002
  -4.00826125383e-002
  -4.06282890753e-002
  -4.11712828365e-002
  -4.17116723514e-002
  -4.22495323919e-002
  -4.27849342188e-002
  -4.33179458083e-002
  -4.38486320606e-002
  -4.43770549909e-002
  -4.49032739058e-002
  -4.54273455665e-002
  -4.59493243387e-002
  -4.64692623320e-002
  -4.69872095291e-002
  -4.75032139047e-002
  -4.80173215373e-002
  -4.85295767122e-002
  -4.90400220180e-002
  -4.95486984356e-002
  -5.00556454226e-002
  -5.05609009910e-002
  -5.10645017806e-002
  -5.15664831269e-002
  -5.20668791255e-002
  -5.25657226923e-002
  -5.30630456196e-002
  -5.35588786291e-002
  -5.40532514219e-002
  -5.45461927250e-002
  -5.50377303358e-002
  -5.55278911637e-002
  -5.60167012689e-002
  -5.65041858998e-002
  -5.69903695278e-002
  -5.74752758806e-002
  -5.79589279732e-002
  -5.84413481377e-002
  -5.89225580510e-002
  -5.94025787621e-002
  -5.98814307164e-002
  -6.03591337803e-002
  -6.08357072637e-002
  -6.13111699415e-002
  -6.17855400743e-002
  -6.22588354275e-002
  -6.27310732906e-002
  -6.32022704943e-002
  -6.36724434274e-002
  -6.41416080531e-002
  -6.46097799242e-002
  -6.50769741979e-002
  -6.55432056494e-002
  -6.60084886854e-002
  -6.64728373569e-002
  -6.69362653715e-002
  -6.73987861046e-002
  -6.78604126111e-002
  -6.83211576357e-002
  -6.87810336232e-002
  -6.92400527282e-002
  -6.96982268247e-002
  -7.01555675150e-002
  -7.06120861383e-002
  -7.10677937788e-002
  -7.15227012740e-002
  -7.19768192221e-002
  -7.24301579895e-002
  -7.28827277175e-002
  -7.33345383294e-002
  -7.37855995370e-002
  -7.42359208466e-002
  -7.46855115654e-002
  -7.51343808070e-002
  -7.55825374970e-002
  -7.60299903786e-002
  -7.64767480175e-002
  -7.69228188072e-002
  -7.73682109736e-002
  -7.78129325797e-002
  -7.82569915301e-002
  -7.87003955753e-002
  -7.91431523159e-002
  -7.95852692065e-002
  -8.00267535599e-002
  -8.04676125506e-002
  -8.09078532183e-002
  -8.13474824719e-002
  -8.17865070923e-002
  -8.22249337363e-002
  -8.26627689391e-002
  -8.31000191179e-002
  -8.35366905748e-002
  -8.39727894994e-002
  -8.44083219716e-002
  -8.48432939649e-002
  -8.52777113480e-002
  -8.57115798884e-002
  -8.61449052540e-002
  -8.65776930158e-002
  -8.70099486505e-002
  -8.74416775421e-002
  -8.78728849847e-002
  -8.83035761842e-002
  -8.87337562603e-002
  -8.91634302488e-002
  -8.95926031034e-002
  -9.00212796974e-002
  -9.04494648256e-002
  -9.08771632062e-002
  -9.13043794823e-002
  -9.17311182236e-002
  -9.21573839283e-002
  -9.25831810241e-002
  -9.30085138702e-002
  -9.34333867588e-002
  -9.38578039160e-002
  -9.42817695040e-002
  -9.47052876216e-002
  -9.51283623064e-002
  -9.55509975352e-002
  -9.59731972261e-002
  -9.63949652391e-002
  -9.68163053776e-002
  -9.72372213894e-002
  -9.76577169680e-002
  -9.80777957535e-002
  -9.84974613339e-002
  -9.89167172459e-002
  -9.93355669761e-002
  -9.97540139619e-002
  -1.00172061593e-001
  -1.00589713210e-001
  -1.01006972110e-001
  -1.01423841542e-001
  -1.01840324712e-001
  -1.02256424781e-001
  -1.02672144870e-001
  -1.03087488053e-001
  -1.03502457368e-001
  -1.03917055809e-001
  -1.04331286330e-001
  -1.04745151849e-001
  -1.05158655243e-001
  -1.05571799353e-001
  -1.05984586981e-001
  -1.06397020895e-001
  -1.06809103826e-001
  -1.07220838470e-001
  -1.07632227490e-001
  -1.08043273514e-001
  -1.08453979137e-001
  -1.08864346921e-001
  -1.09274379399e-001
  -1.09684079067e-001
  -1.10093448396e-001
  -1.10502489823e-001
  -1.10911205755e-001
  -1.11319598572e-001
  -1.11727670624e-001
  -1.12135424233e-001
  -1.12542861691e-001
  -1.12949985266e-001
  -1.13356797196e-001
  -1.13763299695e-001
  -1.14169494950e-001
  -1.14575385121e-001
  -1.14980972345e-001
  -1.15386258732e-001
  -1.15791246369e-001
  -1.16195937320e-001
  -1.16600333623e-001
  -1.17004437294e-001
  -1.17408250326e-001
  -1.17811774690e-001
  -1.18215012333e-001
  -1.18617965182e-001
  -1.19020635143e-001
  -1.19423024099e-001
  -1.19825133912e-001
  -1.20226966427e-001
  -1.20628523464e-001
  -1.21029806826e-001
  -1.21430818297e-001
  -1.21831559640e-001
  -1.22232032599e-001
  -1.22632238901e-001
  -1.23032180253e-001
  -1.23431858344e-001
  -1.23831274846e-001
  -1.24230431413e-001
  -1.24629329681e-001
  -1.25027971270e-001
  -1.25426357783e-001
  -1.25824490804e-001
  -1.26222371905e-001
  -1.26620002638e-001
  -1.27017384541e-001
  -1.27414519135e-001
  -1.27811407929e-001
  -1.28208052411e-001
  -1.28604454060e-001
  -1.29000614335e-001
  -1.29396534685e-001
  -1.29792216541e-001
  -1.30187661321e-001
  -1.30582870430e-001
  -1.30977845259e-001
  -1.31372587183e-001
  -1.31767097566e-001
  -1.32161377759e-001
  -1.32555429099e-001
  -1.32949252909e-001
  -1.33342850501e-001
  -1.33736223173e-001
  -1.34129372214e-001
  -1.34522298895e-001
  -1.34915004481e-001
  -1.35307490221e-001
  -1.35699757353e-001
  -1.36091807105e-001
  -1.36483640693e-001
  -1.36875259319e-001
  -1.37266664179e-001
  -1.37657856453e-001
  -1.38048837314e-001
  -1.38439607921e-001
  -1.38830169425e-001
  -1.39220522965e-001
  -1.39610669670e-001
  -1.40000610660e-001
  -1.40390347043e-001
  -1.40779879919e-001
  -1.41169210376e-001
  -1.41558339495e-001
  -1.41947268345e-001
  -1.42335997987e-001
  -1.42724529472e-001
  -1.43112863842e-001
  -1.43501002130e-001
  -1.43888945361e-001
  -1.44276694548e-001
  -1.44664250699e-001
  -1.45051614810e-001
  -1.45438787872e-001
  -1.45825770864e-001
  -1.46212564759e-001
  -1.46599170521e-001
  -1.46985589106e-001
  -1.47371821460e-001
  -1.47757868525e-001
  -1.48143731232e-001
  -1.48529410505e-001
</dep>
<dep dBS11 frequency>
  -1.39859110167e+002
  -1.33845190446e+002
  -1.30332314554e+002
  -1.27845155691e+002
  -1.25921354664e+002
  -1.24354967676e+002
  -1.23036142365e+002
  -1.21899311068e+002
  -1.20902185699e+002
  -1.20015896653e+002
  -1.19219856848e+002
  -1.18498870022e+002
  -1.17841400499e+002
  -1.17238486021e+002
  -1.16683026573e+002
  -1.16169303221e+002
  -1.15692643091e+002
  -1.15249180272e+002
  -1.14835681458e+002
  -1.14449416395e+002
  -1.14088059970e+002
  -1.13749617134e+002
  -1.13432364526e+002
  -1.13134804564e+002
  -1.12855628929e+002
  -1.12593689231e+002
  -1.12347973240e+002
  -1.12117585464e+002
  -1.11901731162e+002
  -1.11699703085e+002
  -1.11510870430e+002
  -1.11334669567e+002
  -1.11170596228e+002
  -1.11018198887e+002
  -1.10877073145e+002
  -1.10746856928e+002
  -1.10627226392e+002
  -1.10517892407e+002
  -1.10418597545e+002
  -1.10329113497e+002
  -1.10249238856e+002
  -1.10178797221e+002
  -1.10117635591e+002
  -1.10065622993e+002
  -1.10022649346e+002
  -1.09988624517e+002
  -1.09963477566e+002
  -1.09947156153e+002
  -1.09939626111e+002
  -1.09940871167e+002
  -1.09950892806e+002
  -1.09969710289e+002
  -1.09997360801e+002
  -1.10033899762e+002
  -1.10079401276e+002
  -1.10133958747e+002
  -1.10197685671e+002
  -1.10270716598e+002
  -1.10353208320e+002
  -1.10445341261e+002
  -1.10547321140e+002
  -1.10659380911e+002
  -1.10781783032e+002
  -1.10914822116e+002
  -1.11058828018e+002
  -1.11214169432e+002
  -1.11381258095e+002
  -1.11560553703e+002
  -1.11752569680e+002
  -1.11957879960e+002
  -1.12177127021e+002
  -1.12411031399e+002
  -1.12660403064e+002
  -1.12926155053e+002
  -1.13209319952e+002
  -1.13511069919e+002
  -1.13832741234e+002
  -1.14175864622e+002
  -1.14542203054e+002
  -1.14933799353e+002
  -1.15353036816e+002
  -1.15802717328e+002
  -1.16286163436e+002
  -1.16807353720e+002
  -1.17371105429e+002
  -1.17983325640e+002
  -1.18651364308e+002
  -1.19384523159e+002
  -1.20194811012e+002
  -1.21098104078e+002
  -1.22116003208e+002
  -1.23278959245e+002
  -1.24631870514e+002
  -1.26244941996e+002
  -1.28237123023e+002
  -1.30834910333e+002
  -1.34558344704e+002
  -1.41109550470e+002
  -1.50826447395e+002
  -1.38454802645e+002
  -1.33185426832e+002
  -1.29916718514e+002
  -1.27550164784e+002
  -1.25698153819e+002
  -1.24179378153e+002
  -1.22894449098e+002
  -1.21782993669e+002
  -1.20805593101e+002
  -1.19935091146e+002
  -1.19151986605e+002
  -1.18441804592e+002
  -1.17793507302e+002
  -1.17198487123e+002
  -1.16649903481e+002
  -1.16142231598e+002
  -1.15670946785e+002
  -1.15232298185e+002
  -1.14823143196e+002
  -1.14440824029e+002
  -1.14083074183e+002
  -1.13747946524e+002
  -1.13433757259e+002
  -1.13139041780e+002
  -1.12862519473e+002
  -1.12603065408e+002
  -1.12359687372e+002
  -1.12131507060e+002
  -1.11917744585e+002
  -1.11717705622e+002
  -1.11530770669e+002
  -1.11356386041e+002
  -1.11194056268e+002
  -1.11043337654e+002
  -1.10903832800e+002
  -1.10775185929e+002
  -1.10657078892e+002
  -1.10549227737e+002
  -1.10451379773e+002
  -1.10363311049e+002
  -1.10284824193e+002
  -1.10215746562e+002
  -1.10155928677e+002
  -1.10105242895e+002
  -1.10063582297e+002
  -1.10030859782e+002
  -1.10007007335e+002
  -1.09991975462e+002
  -1.09985732786e+002
  -1.09988265792e+002
  -1.09999578717e+002
  -1.10019693582e+002
  -1.10048650373e+002
  -1.10086507368e+002
  -1.10133341613e+002
  -1.10189249566e+002
  -1.10254347907e+002
  -1.10328774548e+002
  -1.10412689834e+002
  -1.10506277984e+002
  -1.10609748791e+002
  -1.10723339608e+002
  -1.10847317675e+002
  -1.10981982829e+002
  -1.11127670665e+002
  -1.11284756221e+002
  -1.11453658277e+002
  -1.11634844397e+002
  -1.11828836832e+002
  -1.12036219487e+002
  -1.12257646144e+002
  -1.12493850246e+002
  -1.12745656572e+002
  -1.13013995260e+002
  -1.13299918764e+002
  -1.13604622487e+002
  -1.13929470089e+002
  -1.14276024798e+002
  -1.14646088489e+002
  -1.15041750967e+002
  -1.15465452813e+002
  -1.15920066520e+002
  -1.16409002687e+002
  -1.16936351166e+002
  -1.17507071895e+002
  -1.18127258014e+002
  -1.18804506746e+002
  -1.19548455698e+002
  -1.20371581701e+002
  -1.21290432985e+002
  -1.22327610658e+002
  -1.23515121001e+002
  -1.24900416179e+002
  -1.26558193929e+002
  -1.28616048043e+002
  -1.31319157399e+002
  -1.35233064916e+002
  -1.42077568845e+002
  -1.45888293945e+002
  -1.37185626147e+002
  -1.32537806158e+002
  -1.29495793042e+002
  -1.27245152721e+002
  -1.25463344333e+002
  -1.23991638371e+002
  -1.22740487762e+002
  -1.21654481877e+002
  -1.20696971426e+002
  -1.19842466199e+002
  -1.19072526852e+002
  -1.18373387073e+002
  -1.17734499906e+002
  -1.17147608486e+002
  -1.16606129532e+002
  -1.16104731292e+002
  -1.15639036729e+002
  -1.15205409868e+002
  -1.14800798845e+002
  -1.14422618509e+002
  -1.14068661204e+002
  -1.13737027988e+002
  -1.13426074935e+002
  -1.13134370705e+002
  -1.12860662684e+002
  -1.12603849695e+002
  -1.12362959809e+002
  -1.12137132172e+002
  -1.11925602002e+002
  -1.11727688127e+002
  -1.11542782571e+002
  -1.11370341800e+002
  -1.11209879339e+002
  -1.11060959503e+002
  -1.10923192066e+002
  -1.10796227712e+002
  -1.10679754139e+002
  -1.10573492718e+002
  -1.10477195631e+002
  -1.10390643413e+002
  -1.10313642844e+002
  -1.10246025157e+002
  -1.10187644505e+002
  -1.10138376673e+002
  -1.10098118005e+002
  -1.10066784523e+002
  -1.10044311223e+002
  -1.10030651543e+002
  -1.10025776976e+002
  -1.10029676842e+002
  -1.10042358200e+002
  -1.10063845906e+002
  -1.10094182813e+002
  -1.10133430122e+002
  -1.10181667884e+002
  -1.10238995670e+002
  -1.10305533411e+002
  -1.10381422432e+002
  -1.10466826692e+002
  -1.10561934261e+002
  -1.10666959063e+002
  -1.10782142905e+002
  -1.10907757866e+002
  -1.11044109065e+002
  -1.11191537894e+002
  -1.11350425794e+002
  -1.11521198653e+002
  -1.11704331966e+002
  -1.11900356884e+002
  -1.12109867351e+002
  -1.12333528539e+002
  -1.12572086883e+002
  -1.12826382069e+002
  -1.13097361446e+002
  -1.13386097460e+002
  -1.13693808897e+002
  -1.14021886963e+002
  -1.14371927580e+002
  -1.14745771750e+002
  -1.15145556525e+002
  -1.15573780089e+002
  -1.16033385921e+002
  -1.16527873133e+002
  -1.17061443390e+002
  -1.17639199972e+002
  -1.18267422824e+002
  -1.18953957237e+002
  -1.19708777408e+002
  -1.20544828415e+002
  -1.21479329207e+002
  -1.22535875507e+002
  -1.23748011056e+002
  -1.25165687067e+002
  -1.26867917431e+002
  -1.28990288629e+002
  -1.31793601076e+002
  -1.35866659602e+002
  -1.42566774714e+002
  -1.42881537079e+002
  -1.36066548938e+002
  -1.31923803360e+002
  -1.29086403938e+002
</dep>
<dep S[1,1] frequency>
  +4.72631148180e-009+j1.01525328351e-007
  +1.50715632767e-008+j2.02554344623e-007
  +3.16748177991e-008+j3.02704982488e-007
  +5.45315954790e-008+j4.01582348978e-007
  +8.35726556757e-008+j4.98792947222e-007
  +1.18691721249e-007+j5.93948398619e-007
  +1.59752883316e-007+j6.86667775163e-007
  +2.06593694932e-007+j7.76579489837e-007
  +2.59026959991e-007+j8.63322984224e-007
  +3.16842063686e-007+j9.46550293354e-007
  +3.79806142896e-007+j1.02592751820e-006
  +4.47665217716e-007+j1.10113621742e-006
  +5.20145337930e-007+j1.17187472206e-006
  +5.96953769225e-007+j1.23785937294e-006
  +6.77780230224e-007+j1.29882567900e-006
  +7.62298184391e-007+j1.35452939374e-006
  +8.50166186948e-007+j1.40474750679e-006
  +9.41029284723e-007+j1.44927914728e-006
  +1.03452046539e-006+j1.48794639614e-006
  +1.13026215167e-006+j1.52059500431e-006
  +1.22786773532e-006+j1.54709501443e-006
  +1.32694314556e-006+j1.56734128354e-006
  +1.42708844583e-006+j1.58125390499e-006
  +1.52789945287e-006+j1.58877852802e-006
  +1.62896937191e-006+j1.58988657365e-006
  +1.72989044135e-006+j1.58457534633e-006
  +1.83025558061e-006+j1.57286804082e-006
  +1.92966003445e-006+j1.55481364435e-006
  +2.02770300731e-006+j1.53048673456e-006
  +2.12398928112e-006+j1.49998717411e-006
  +2.21813080998e-006+j1.46343970311e-006
  +2.30974828552e-006+j1.42099343118e-006
  +2.39847266647e-006+j1.37282123117e-006
  +2.48394666640e-006+j1.31911903699e-006
  +2.56582619365e-006+j1.26010504850e-006
  +2.64378173756e-006+j1.19601884663e-006
  +2.71749969562e-006+j1.12712042229e-006
  +2.78668363598e-006+j1.05368912314e-006
  +2.85105549043e-006+j9.76022522368e-007
  +2.91035667294e-006+j8.94435214114e-007
  +2.96434911937e-006+j8.09257540431e-007
  +3.01281624399e-006+j7.20834254909e-007
  +3.05556380926e-006+j6.29523128391e-007
  +3.09242070503e-006+j5.35693502413e-007
  +3.12323963440e-006+j4.39724796224e-007
  +3.14789770313e-006+j3.42004973424e-007
  +3.16629691058e-006+j2.42928974412e-007
  +3.17836453993e-006+j1.42897120985e-007
  +3.18405344638e-006+j4.23134995363e-008
  +3.18334224195e-006-j5.84156706256e-008
  +3.17623537638e-006-j1.58883677233e-007
  +3.16276311360e-006-j2.58684956683e-007
  +3.14298140414e-006-j3.57416730689e-007
  +3.11697165375e-006-j4.54680631363e-007
  +3.08484038940e-006-j5.50084308166e-007
  +3.04671882393e-006-j6.43243010245e-007
  +3.00276232107e-006-j7.33781137777e-007
  +2.95314976323e-006-j8.21333756048e-007
  +2.89808282433e-006-j9.05548066192e-007
  +2.83778515086e-006-j9.86084826631e-007
  +2.77250145439e-006-j1.06261971950e-006
  +2.70249651928e-006-j1.13484465658e-006
  +2.62805412945e-006-j1.20246901938e-006
  +2.54947591882e-006-j1.26522082857e-006
  +2.46708014983e-006-j1.32284783778e-006
  +2.38120042510e-006-j1.37511854766e-006
  +2.29218433750e-006-j1.42182313592e-006
  +2.20039206390e-006-j1.46277429963e-006
  +2.10619490852e-006-j1.49780800657e-006
  +2.00997380160e-006-j1.52678415232e-006
  +1.91211775956e-006-j1.54958712080e-006
  +1.81302231275e-006-j1.56612624569e-006
  +1.71308790737e-006-j1.57633617113e-006
  +1.61271828773e-006-j1.58017711012e-006
  +1.51231886558e-006-j1.57763499968e-006
  +1.41229508312e-006-j1.56872155212e-006
  +1.31305077606e-006-j1.55347420226e-006
  +1.21498654367e-006-j1.53195595075e-006
  +1.11849813211e-006-j1.50425510433e-006
  +1.02397483776e-006-j1.47048491388e-006
  +9.31797936850e-007-j1.43078311189e-006
  +8.42339147855e-007-j1.38531135119e-006
  +7.55959132748e-007-j1.33425454720e-006
  +6.73006043210e-007-j1.27782012643e-006
  +5.93814117643e-007-j1.21623718422e-006
  +5.18702334645e-007-j1.14975555523e-006
  +4.47973128366e-007-j1.07864480029e-006
  +3.81911170914e-007-j1.00319311396e-006
  +3.20782226732e-007-j9.23706156912e-007
  +2.64832083539e-007-j8.40505818192e-007
  +2.14285564139e-007-j7.53928912121e-007
  +1.69345623082e-007-j6.64325815234e-007
  +1.30192531796e-007-j5.72059048743e-007
  +9.69831554615e-008-j4.77501812247e-007
  +6.98503245451e-008-j3.81036474633e-007
  +4.89023034891e-008-j2.83053028265e-007
  +3.42223587005e-008-j1.83947512702e-007
  +2.58684275544e-008-j8.41204143279e-008
  +2.38728897324e-008+j1.60249516503e-008
  +2.82424417963e-008+j1.16084070300e-007
  +3.89580754853e-008+j2.15652860571e-007
  +5.59751598023e-008+j3.14329306817e-007
  +7.92236265379e-008+j4.11715081657e-007
  +1.08608258463e-007+j5.07417153608e-007
  +1.44009079005e-007+j6.01049373009e-007
  +1.85281841817e-007+j6.92234029847e-007
  +2.32258618236e-007+j7.80603377183e-007
  +2.84748480255e-007+j8.65801114045e-007
  +3.42538276211e-007+j9.47483821810e-007
  +4.05393496056e-007+j1.02532234828e-006
  +4.73059222694e-007+j1.09900313386e-006
  +5.45261165521e-007+j1.16822947454e-006
  +6.21706771992e-007+j1.23272271656e-006
  +7.02086412691e-007+j1.29222337790e-006
  +7.86074635130e-007+j1.34649219219e-006
  +8.73331481175e-007+j1.39531107081e-006
  +9.63503862792e-007+j1.43848397915e-006
  +1.05622699052e-006+j1.47583772382e-006
  +1.15112584894e-006+j1.50722264735e-006
  +1.24781671306e-006+j1.53251322774e-006
  +1.34590869971e-006+j1.55160858048e-006
  +1.44500534736e-006+j1.56443286090e-006
  +1.54470621829e-006+j1.57093556546e-006
  +1.64460851642e-006+j1.57109173049e-006
  +1.74430871435e-006+j1.56490202790e-006
  +1.84340418307e-006+j1.55239275728e-006
  +1.94149481767e-006+j1.53361573455e-006
  +2.03818465257e-006+j1.50864807757e-006
  +2.13308345968e-006+j1.47759188964e-006
  +2.22580832313e-006+j1.44057384219e-006
  +2.31598518408e-006+j1.39774465828e-006
  +2.40325034958e-006+j1.34927849917e-006
  +2.48725195912e-006+j1.29537225627e-006
  +2.56765140325e-006+j1.23624475154e-006
  +2.64412468835e-006+j1.17213584938e-006
  +2.71636374207e-006+j1.10330548385e-006
  +2.78407765433e-006+j1.03003260491e-006
  +2.84699384865e-006+j9.52614048198e-007
  +2.90485917931e-006+j8.71363332682e-007
  +2.95744094977e-006+j7.86609391290e-007
  +3.00452784836e-006+j6.98695239472e-007
  +3.04593079741e-006+j6.07976587187e-007
  +3.08148371240e-006+j5.14820399884e-007
  +3.11104416816e-006+j4.19603414321e-007
  +3.13449396935e-006+j3.22710615211e-007
  +3.15173962304e-006+j2.24533678860e-007
  +3.16271271140e-006+j1.25469390081e-007
  +3.16737016306e-006+j2.59180387987e-008
  +3.16569442207e-006-j7.37181972052e-008
  +3.15769351381e-006-j1.73036876841e-007
  +3.14340100753e-006-j2.71636921014e-007
  +3.12287587583e-006-j3.69120232117e-007
  +3.09620225145e-006-j4.65093301154e-007
  +3.06348908265e-006-j5.59168796041e-007
  +3.02486968833e-006-j6.50967124639e-007
  +2.98050121488e-006-j7.40117966236e-007
  +2.93056399689e-006-j8.26261765292e-007
  +2.87526082435e-006-j9.09051181418e-007
  +2.81481611930e-006-j9.88152489752e-007
  +2.74947502526e-006-j1.06324692607e-006
  +2.67950241323e-006-j1.13403197124e-006
  +2.60518180813e-006-j1.20022256981e-006
  +2.52681424015e-006-j1.26155227781e-006
  +2.44471702561e-006-j1.31777433526e-006
  +2.35922248235e-006-j1.36866265888e-006
  +2.27067658466e-006-j1.41401275114e-006
  +2.17943756347e-006-j1.45364252204e-006
  +2.08587445715e-006-j1.48739302009e-006
  +1.99036561910e-006-j1.51512906985e-006
  +1.89329718787e-006-j1.53673981327e-006
  +1.79506152622e-006-j1.55213915268e-006
  +1.69605563533e-006-j1.56126609379e-006
  +1.59667955051e-006-j1.56408498720e-006
  +1.49733472508e-006-j1.56058566748e-006
  +1.39842240873e-006-j1.55078348935e-006
  +1.30034202707e-006-j1.53471926079e-006
  +1.20348956883e-006-j1.51245907334e-006
  +1.10825598722e-006-j1.48409403036e-006
  +1.01502562201e-006-j1.44973987429e-006
  +9.24174648535e-007-j1.40953651452e-006
  +8.36069560024e-007-j1.36364745771e-006
  +7.51065689266e-007-j1.31225914295e-006
  +6.69505775670e-007-j1.25558018443e-006
  +5.91718583445e-007-j1.19384052466e-006
  +5.18017576466e-007-j1.12729050177e-006
  +4.48699655199e-007-j1.05619983457e-006
  +3.84043960747e-007-j9.80856529592e-007
  +3.24310750847e-007-j9.01565714389e-007
  +2.69740352338e-007-j8.18648402004e-007
  +2.20552194326e-007-j7.32440191456e-007
  +1.76943925918e-007-j6.43289909591e-007
  +1.39090622092e-007-j5.51558199759e-007
  +1.07144080877e-007-j4.57616063032e-007
  +8.12322146775e-008-j3.61843357873e-007
  +6.14585381687e-008-j2.64627264305e-007
  +4.79017548306e-008-j1.66360718807e-007
  +4.06154437545e-008-j6.74408262510e-008
  +3.96278479805e-008+j3.17327446943e-008
  +4.49417651958e-008+j1.30759376218e-007
  +5.65345412184e-008+j2.29239119551e-007
  +7.43581662727e-008+j3.26774310144e-007
  +9.83394736497e-008+j4.22971173320e-007
  +1.28380439930e-007+j5.17441413919e-007
  +1.64358585538e-007+j6.09803783512e-007
  +2.06127473992e-007+j6.99685618868e-007
  +2.53517307817e-007+j7.86724345461e-007
  +3.06335618687e-007+j8.70568939946e-007
  +3.64368049012e-007+j9.50881345721e-007
  +4.27379221766e-007+j1.02733783585e-006
  +4.95113695063e-007+j1.09963031787e-006
  +5.67296997574e-007+j1.16746757519e-006
  +6.43636740622e-007+j1.23057644013e-006
  +7.23823802418e-007+j1.28870289384e-006
  +8.07533579673e-007+j1.34161308867e-006
  +8.94427301487e-007+j1.38909428889e-006
  +9.84153400231e-007+j1.43095572597e-006
  +1.07634893384e-006+j1.46702936501e-006
  +1.17064105381e-006+j1.49717057914e-006
  +1.26664851289e-006+j1.52125872935e-006
  +1.36398320644e-006+j1.53919764726e-006
  +1.46225174122e-006+j1.55091601901e-006
  +1.56105702522e-006+j1.55636766869e-006
  +1.65999987214e-006+j1.55553174019e-006
  +1.75868061403e-006+j1.54841277674e-006
  +1.85670071561e-006+j1.53504069787e-006
  +1.95366438365e-006+j1.51547067391e-006
  +2.04918016508e-006+j1.48978289848e-006
  +2.14286252718e-006+j1.45808225999e-006
  +2.23433341362e-006+j1.42049791348e-006
  +2.32322377001e-006+j1.37718275446e-006
  +2.40917503283e-006+j1.32831279708e-006
  +2.49184057566e-006+j1.27408645893e-006
  +2.57088710702e-006+j1.21472375555e-006
  +2.64599601402e-006+j1.15046540782e-006
  +2.71686464651e-006+j1.08157186598e-006
  +2.78320753655e-006+j1.00832225399e-006
  +2.84475754823e-006+j9.31013238818e-007
  +2.90126695323e-006+j8.49957828990e-007
  +2.95250842783e-006+j7.65484107382e-007
  +2.99827596734e-006+j6.77933903369e-007
  +3.03838571419e-006+j5.87661409690e-007
  +3.07267669653e-006+j4.95031749634e-007
  +3.10101147414e-006+j4.00419500337e-007
  +3.12327668929e-006+j3.04207178168e-007
  +3.13938352016e-006+j2.06783692328e-007
  +3.14926803515e-006+j1.08542772902e-007
  +3.15289144651e-006+j9.88137973423e-009
  +3.15024026246e-006-j8.88019014531e-008
  +3.14132633707e-006-j1.87108469222e-007
  +3.12618681777e-006-j2.84641316347e-007
  +3.10488399069e-006-j3.81006633016e-007
  +3.07750502458e-006-j4.75815396823e-007
  +3.04416161417e-006-j5.68684943144e-007
  +3.00498952461e-006-j6.59240509541e-007
  +2.96014803875e-006-j7.47116747982e-007
  +2.90981930954e-006-j8.31959198754e-007
  +2.85420762019e-006-j9.13425720141e-007
  +2.79353855506e-006-j9.91187868087e-007
  +2.72805808468e-006-j1.06493222030e-006
  +2.65803156859e-006-j1.13436163940e-006
  +2.58374268007e-006-j1.19919647018e-006
  +2.50549225708e-006-j1.25917566587e-006
  +2.42359708408e-006-j1.31405783921e-006
  +2.33838860965e-006-j1.36362223381e-006
  +2.25021160518e-006-j1.40766961211e-006
  +2.15942276990e-006-j1.44602305617e-006
  +2.06638928805e-006-j1.47852867822e-006
  +1.97148734393e-006-j1.50505623809e-006
  +1.87510060089e-006-j1.52549966498e-006
  +1.77761865037e-006-j1.53977748150e-006
  +1.67943543727e-006-j1.54783312840e-006
  +1.58094766803e-006-j1.54963518845e-006
  +1.48255320785e-006-j1.54517750888e-006
  +1.38464947350e-006-j1.53447922169e-006
  +1.28763182824e-006-j1.51758466180e-006
  +1.19189198531e-006-j1.49456318350e-006
  +1.09781642644e-006-j1.46550887581e-006
  +1.00578484183e-006-j1.43054017806e-006
  +9.16168597750e-007-j1.38979939712e-006
  +8.29329238118e-007-j1.34345212838e-006
  +7.45617025944e-007-j1.29168658270e-006
  +6.65369530653e-007-j1.23471282221e-006
  +5.88910266900e-007-j1.17276190796e-006
  +5.16547390402e-007-j1.10608496292e-006
  +4.48572456034e-007-j1.03495215406e-006
  +3.85259243198e-007-j9.59651597812e-007
  +3.26862653190e-007-j8.80488193096e-007
  +2.73617683019e-007-j7.97782386874e-007
  +2.25738479792e-007-j7.11868877077e-007
  +1.83417479486e-007-j6.23095258208e-007
  +1.46824633555e-007-j5.31820615106e-007
  +1.16106726496e-007-j4.38414070549e-007
  +9.13867871036e-008-j3.43253292568e-007
  +7.27635957718e-008-j2.46722967517e-007
  +6.03112898303e-008-j1.49213245061e-007
  +5.40790684761e-008-j5.11181613834e-008
  +5.40909984844e-008+j4.71659530372e-008
  +6.03459214616e-008+j1.45242074623e-007
  +7.28174629988e-008+j2.42714090417e-007
  +9.14541436694e-008+j3.39188397836e-007
</dep>
<dep S[1,2] frequency>
  +9.99026725402e-001-j3.17643808530e-002
  +9.97300539879e-001-j6.34831702945e-002
  +9.94609672023e-001-j9.51283555773e-002
  +9.90936723631e-001-j1.26669422467e-001
  +9.86277706712e-001-j1.58075362190e-001
  +9.80633447049e-001-j1.89315037586e-001
  +9.74007393292e-001-j2.20357335048e-001
  +9.66404813054e-001-j2.51171251886e-001
  +9.57832430771e-001-j2.81725957720e-001
  +9.48298239851e-001-j3.11990843409e-001
  +9.37811393855e-001-j3.41935563262e-001
  +9.26382137148e-001-j3.71530073238e-001
  +9.14021756709e-001-j4.00744666541e-001
  +9.00742545822e-001-j4.29550007406e-001
  +8.86557774661e-001-j4.57917163510e-001
  +8.71481664940e-001-j4.85817637304e-001
  +8.55529366906e-001-j5.13223396405e-001
  +8.38716937672e-001-j5.40106903166e-001
  +8.21061320193e-001-j5.66441143483e-001
  +8.02580322476e-001-j5.92199654868e-001
  +7.83292596726e-001-j6.17356553807e-001
  +7.63217618246e-001-j6.41886562413e-001
  +7.42375663961e-001-j6.65765034375e-001
  +7.20787790471e-001-j6.88967980179e-001
  +6.98475811592e-001-j7.11472091616e-001
  +6.75462275335e-001-j7.33254765536e-001
  +6.51770440312e-001-j7.54294126861e-001
  +6.27424251557e-001-j7.74569050815e-001
  +6.02448315754e-001-j7.94059184373e-001
  +5.76867875894e-001-j8.12744966900e-001
  +5.50708785354e-001-j8.30607649973e-001
  +5.23997481418e-001-j8.47629316358e-001
  +4.96760958259e-001-j8.63792898138e-001
  +4.69026739404e-001-j8.79082193963e-001
  +4.40822849693e-001-j8.93481885417e-001
  +4.12177786767e-001-j9.06977552481e-001
  +3.83120492101e-001-j9.19555688076e-001
  +3.53680321613e-001-j9.31203711687e-001
  +3.23887015875e-001-j9.41909982025e-001
  +2.93770669948e-001-j9.51663808757e-001
  +2.63361702883e-001-j9.60455463248e-001
  +2.32690826896e-001-j9.68276188343e-001
  +2.01789016274e-001-j9.75118207156e-001
  +1.70687476012e-001-j9.80974730865e-001
  +1.39417610239e-001-j9.85839965512e-001
  +1.08010990445e-001-j9.89709117781e-001
  +7.64993235496e-002-j9.92578399783e-001
  +4.49144198428e-002-j9.94445032807e-001
  +1.32881608258e-002-j9.95307250054e-001
  -1.83475330119e-002-j9.95164298355e-001
  -4.99607344484e-002-j9.94016438849e-001
  -8.15195417873e-002-j9.91864946654e-001
  -1.12992111084e-001-j9.88712109494e-001
  -1.44346688306e-001-j9.84561225319e-001
  -1.75551641403e-001-j9.79416598891e-001
  -2.06575492245e-001-j9.73283537366e-001
  -2.37386948398e-001-j9.66168344849e-001
  -2.67954934714e-001-j9.58078315953e-001
  -2.98248624696e-001-j9.49021728357e-001
  -3.28237471604e-001-j9.39007834363e-001
  -3.57891239275e-001-j9.28046851480e-001
  -3.87180032633e-001-j9.16149952027e-001
  -4.16074327844e-001-j9.03329251774e-001
  -4.44545002091e-001-j8.89597797632e-001
  -4.72563362950e-001-j8.74969554403e-001
  -5.00101177316e-001-j8.59459390603e-001
  -5.27130699875e-001-j8.43083063376e-001
  -5.53624701069e-001-j8.25857202511e-001
  -5.79556494543e-001-j8.07799293576e-001
  -6.04899964041e-001-j7.88927660193e-001
  -6.29629589723e-001-j7.69261445468e-001
  -6.53720473874e-001-j7.48820592595e-001
  -6.77148365985e-001-j7.27625824647e-001
  -6.99889687180e-001-j7.05698623596e-001
  -7.21921553959e-001-j6.83061208552e-001
  -7.43221801235e-001-j6.59736513271e-001
  -7.63769004651e-001-j6.35748162939e-001
  -7.83542502138e-001-j6.11120450260e-001
  -8.02522414706e-001-j5.85878310873e-001
  -8.20689666442e-001-j5.60047298120e-001
  -8.38026003695e-001-j5.33653557195e-001
  -8.54514013430e-001-j5.06723798699e-001
  -8.70137140726e-001-j4.79285271619e-001
  -8.84879705414e-001-j4.51365735776e-001
  -8.98726917824e-001-j4.22993433751e-001
  -9.11664893636e-001-j3.94197062331e-001
  -9.23680667812e-001-j3.65005743497e-001
  -9.34762207599e-001-j3.35448994989e-001
  -9.44898424591e-001-j3.05556700463e-001
  -9.54079185839e-001-j2.75359079299e-001
  -9.62295323983e-001-j2.44886656054e-001
  -9.69538646428e-001-j2.14170229625e-001
  -9.75801943517e-001-j1.83240842125e-001
  -9.81078995720e-001-j1.52129747529e-001
  -9.85364579819e-001-j1.20868380095e-001
  -9.88654474093e-001-j8.94883226190e-002
  -9.90945462479e-001-j5.80212745336e-002
  -9.92235337731e-001-j2.64990198955e-002
  -9.92522903550e-001+j5.04660470978e-003
  -9.91807975699e-001+j3.65837423138e-002
  -9.90091382091e-001+j6.80805477290e-002
  -9.87374961863e-001+j9.95052196970e-002
  -9.83661563420e-001+j1.30826032991e-001
  -9.78955041465e-001+j1.62011370435e-001
  -9.73260253012e-001+j1.93029754819e-001
  -9.66583052392e-001+j2.23849880659e-001
  -9.58930285242e-001+j2.54440645789e-001
  -9.50309781506e-001+j2.84771182743e-001
  -9.40730347433e-001+j3.14810889894e-001
  -9.30201756594e-001+j3.44529462328e-001
  -9.18734739926e-001+j3.73896922410e-001
  -9.06340974806e-001+j4.02883650018e-001
  -8.93033073170e-001+j4.31460412414e-001
  -8.78824568693e-001+j4.59598393725e-001
  -8.63729903037e-001+j4.87269223990e-001
  -8.47764411185e-001+j5.14445007769e-001
  -8.30944305875e-001+j5.41098352254e-001
  -8.13286661142e-001+j5.67202394887e-001
  -7.94809395006e-001+j5.92730830421e-001
  -7.75531251295e-001+j6.17657937435e-001
  -7.55471780645e-001+j6.41958604244e-001
  -7.34651320680e-001+j6.65608354198e-001
  -7.13090975411e-001+j6.88583370329e-001
  -6.90812593848e-001+j7.10860519343e-001
  -6.67838747873e-001+j7.32417374908e-001
  -6.44192709379e-001+j7.53232240230e-001
  -6.19898426709e-001+j7.73284169892e-001
  -5.94980500412e-001+j7.92552990931e-001
  -5.69464158337e-001+j8.11019323131e-001
  -5.43375230110e-001+j8.28664598518e-001
  -5.16740120988e-001+j8.45471080029e-001
  -4.89585785153e-001+j8.61421879347e-001
  -4.61939698433e-001+j8.76500973864e-001
  -4.33829830521e-001+j8.90693222786e-001
  -4.05284616681e-001+j9.03984382332e-001
  -3.76332928992e-001+j9.16361120032e-001
  -3.47004047159e-001+j9.27811028105e-001
  -3.17327628906e-001+j9.38322635896e-001
  -2.87333679995e-001+j9.47885421374e-001
  -2.57052523896e-001+j9.56489821662e-001
  -2.26514771141e-001+j9.64127242606e-001
  -1.95751288384e-001+j9.70790067358e-001
  -1.64793167212e-001+j9.76471663978e-001
  -1.33671692730e-001+j9.81166392035e-001
  -1.02418311951e-001+j9.84869608209e-001
  -7.10646020307e-002+j9.87577670888e-001
  -3.96422383654e-002+j9.89287943746e-001
  -8.18296260267e-003+j9.89998798314e-001
  +2.32814494180e-002+j9.89709615528e-001
  +5.47192197540e-002+j9.88420786260e-001
  +8.60986004478e-002+j9.86133710824e-001
  +1.17387905582e-001+j9.82850797474e-001
  +1.48555543269e-001+j9.78575459871e-001
  +1.79570047543e-001+j9.73312113544e-001
  +2.10400110120e-001+j9.67066171338e-001
  +2.41014612000e-001+j9.59844037852e-001
  +2.71382654869e-001+j9.51653102882e-001
  +3.01473592283e-001+j9.42501733862e-001
  +3.31257060586e-001+j9.32399267326e-001
  +3.60703009548e-001+j9.21355999389e-001
  +3.89781732679e-001+j9.09383175258e-001
  +4.18463897192e-001+j8.96492977790e-001
  +4.46720573591e-001+j8.82698515100e-001
  +4.74523264845e-001+j8.68013807241e-001
  +5.01843935122e-001+j8.52453771957e-001
  +5.28655038059e-001+j8.36034209536e-001
  +5.54929544533e-001+j8.18771786775e-001
  +5.80640969905e-001+j8.00684020065e-001
  +6.05763400712e-001+j7.81789257628e-001
  +6.30271520786e-001+j7.62106660904e-001
  +6.54140636759e-001+j7.41656185133e-001
  +6.77346702943e-001+j7.20458559125e-001
  +6.99866345550e-001+j6.98535264258e-001
  +7.21676886233e-001+j6.75908512712e-001
  +7.42756364923e-001+j6.52601224974e-001
  +7.63083561935e-001+j6.28637006627e-001
  +7.82638019333e-001+j6.04040124443e-001
  +8.01400061513e-001+j5.78835481823e-001
  +8.19350815001e-001+j5.53048593584e-001
  +8.36472227438e-001+j5.26705560140e-001
  +8.52747085734e-001+j4.99833041089e-001
  +8.68159033371e-001+j4.72458228238e-001
  +8.82692586842e-001+j4.44608818097e-001
  +8.96333151205e-001+j4.16312983858e-001
  +9.09067034742e-001+j3.87599346907e-001
  +9.20881462698e-001+j3.58496947875e-001
  +9.31764590098e-001+j3.29035217271e-001
  +9.41705513625e-001+j2.99243945728e-001
  +9.50694282540e-001+j2.69153253888e-001
  +9.58721908644e-001+j2.38793561946e-001
  +9.65780375268e-001+j2.08195558911e-001
  +9.71862645275e-001+j1.77390171583e-001
  +9.76962668078e-001+j1.46408533304e-001
  +9.81075385661e-001+j1.15281952493e-001
  +9.84196737593e-001+j8.40418810200e-002
  +9.86323665035e-001+j5.27198824227e-002
  +9.87454113742e-001+j2.13476000261e-002
  +9.87587036039e-001-j1.00432750221e-002
  +9.86722391789e-001-j4.14210357598e-002
  +9.84861148343e-001-j7.27539914322e-002
  +9.82005279467e-001-j1.04010499494e-001
  +9.78157763256e-001-j1.35158997560e-001
  +9.73322579037e-001-j1.66168035273e-001
  +9.67504703257e-001-j1.97006306052e-001
  +9.60710104365e-001-j2.27642678698e-001
  +9.52945736694e-001-j2.58046228816e-001
  +9.44219533348e-001-j2.88186270024e-001
  +9.34540398101e-001-j3.18032384926e-001
  +9.23918196313e-001-j3.47554455800e-001
  +9.12363744886e-001-j3.76722694989e-001
  +8.99888801245e-001-j4.05507674953e-001
  +8.86506051381e-001-j4.33880357957e-001
  +8.72229096958e-001-j4.61812125355e-001
  +8.57072441489e-001-j4.89274806458e-001
  +8.41051475607e-001-j5.16240706942e-001
  +8.24182461443e-001-j5.42682636772e-001
  +8.06482516119e-001-j5.68573937615e-001
  +7.87969594390e-001-j5.93888509717e-001
  +7.68662470430e-001-j6.18600838206e-001
  +7.48580718796e-001-j6.42686018809e-001
  +7.27744694591e-001-j6.66119782947e-001
  +7.06175512835e-001-j6.88878522186e-001
  +6.83895027068e-001-j7.10939312021e-001
  +6.60925807217e-001-j7.32279934960e-001
  +6.37291116735e-001-j7.52878902906e-001
  +6.13014889043e-001-j7.72715478785e-001
  +5.88121703302e-001-j7.91769697424e-001
  +5.62636759525e-001-j8.10022385642e-001
  +5.36585853080e-001-j8.27455181543e-001
  +5.09995348574e-001-j8.44050552987e-001
  +4.82892153184e-001-j8.59791815218e-001
  +4.55303689428e-001-j8.74663147643e-001
  +4.27257867427e-001-j8.88649609724e-001
  +3.98783056672e-001-j9.01737155994e-001
  +3.69908057331e-001-j9.13912650156e-001
  +3.40662071127e-001-j9.25163878271e-001
  +3.11074671804e-001-j9.35479561009e-001
  +2.81175775233e-001-j9.44849364953e-001
  +2.50995609162e-001-j9.53263912953e-001
  +2.20564682663e-001-j9.60714793510e-001
  +1.89913755296e-001-j9.67194569183e-001
  +1.59073806015e-001-j9.72696784009e-001
  +1.28076001869e-001-j9.77215969944e-001
  +9.69516665038e-002-j9.80747652284e-001
  +6.57322485124e-002-j9.83288354106e-001
  +3.44492896651e-002-j9.84835599683e-001
  +3.13439304426e-003-j9.85387916896e-001
  -2.81808088782e-002-j9.84944838630e-001
  -5.94646861907e-002-j9.83506903159e-001
  -9.06856434860e-002-j9.81075653506e-001
  -1.21812151768e-001-j9.77653635799e-001
  -1.52812780288e-001-j9.73244396608e-001
  -1.83656228280e-001-j9.67852479271e-001
  -2.14311356562e-001-j9.61483419223e-001
  -2.44747218966e-001-j9.54143738309e-001
  -2.74933093582e-001-j9.45840938111e-001
  -3.04838513761e-001-j9.36583492288e-001
  -3.34433298862e-001-j9.26380837926e-001
  -3.63687584709e-001-j9.15243365922e-001
  -3.92571853723e-001-j9.03182410406e-001
  -4.21056964706e-001-j8.90210237209e-001
  -4.49114182232e-001-j8.76340031390e-001
  -4.76715205638e-001-j8.61585883842e-001
  -5.03832197568e-001-j8.45962776973e-001
  -5.30437812042e-001-j8.29486569500e-001
  -5.56505222033e-001-j8.12173980355e-001
  -5.82008146516e-001-j7.94042571717e-001
  -6.06920876960e-001-j7.75110731207e-001
  -6.31218303244e-001-j7.55397653236e-001
  -6.54875938963e-001-j7.34923319554e-001
  -6.77869946102e-001-j7.13708478996e-001
  -7.00177159054e-001-j6.91774626458e-001
  -7.21775107960e-001-j6.69143981122e-001
  -7.42642041338e-001-j6.45839463951e-001
  -7.62756947986e-001-j6.21884674477e-001
  -7.82099578141e-001-j5.97303866906e-001
  -8.00650463860e-001-j5.72121925564e-001
  -8.18390938616e-001-j5.46364339707e-001
  -8.35303156074e-001-j5.20057177728e-001
  -8.51370108049e-001-j4.93227060771e-001
  -8.66575641606e-001-j4.65901135801e-001
  -8.80904475298e-001-j4.38107048138e-001
  -8.94342214524e-001-j4.09872913488e-001
  -9.06875365990e-001-j3.81227289511e-001
  -9.18491351253e-001-j3.52199146937e-001
  -9.29178519348e-001-j3.22817840266e-001
  -9.38926158472e-001-j2.93113078092e-001
  -9.47724506720e-001-j2.63114893066e-001
  -9.55564761859e-001-j2.32853611528e-001
  -9.62439090135e-001-j2.02359822863e-001
  -9.68340634100e-001-j1.71664348575e-001
  -9.73263519447e-001-j1.40798211138e-001
  -9.77202860864e-001-j1.09792602650e-001
  -9.80154766876e-001-j7.86788533111e-002
  -9.82116343686e-001-j4.74883997696e-002
  -9.83085698016e-001-j1.62527533615e-002
  -9.83061938924e-001+j1.49965317219e-002
  -9.82045178623e-001+j4.62278903070e-002
  -9.80036532271e-001+j7.74097781198e-002
  -9.77038116766e-001+j1.08510703643e-001
</dep>
<dep S[2,1] frequency>
  +9.99026725402e-001-j3.17643808530e-002
  +9.97300539879e-001-j6.34831702945e-002
  +9.94609672023e-001-j9.51283555773e-002
  +9.90936723631e-001-j1.26669422467e-001
  +9.86277706712e-001-j1.58075362190e-001
  +9.80633447049e-001-j1.89315037586e-001
  +9.74007393292e-001-j2.20357335048e-001
  +9.66404813054e-001-j2.51171251886e-001
  +9.57832430771e-001-j2.81725957720e-001
  +9.48298239851e-001-j3.11990843409e-001
  +9.37811393855e-001-j3.41935563262e-001
  +9.26382137148e-001-j3.71530073238e-001
  +9.14021756709e-001-j4.00744666541e-001
  +9.00742545822e-001-j4.29550007406e-001
  +8.86557774661e-001-j4.57917163510e-001
  +8.71481664940e-001-j4.85817637304e-001
  +8.55529366906e-001-j5.13223396405e-001
  +8.38716937672e-001-j5.40106903166e-001
  +8.21061320193e-001-j5.66441143483e-001
  +8.02580322476e-001-j5.92199654868e-001
  +7.83292596726e-001-j6.17356553807e-001
  +7.63217618246e-001-j6.41886562413e-001
  +7.42375663961e-001-j6.65765034375e-001
  +7.20787790471e-001-j6.88967980179e-001
  +6.98475811592e-001-j7.11472091616e-001
  +6.75462275335e-001-j7.33254765536e-001
  +6.51770440312e-001-j7.54294126861e-001
  +6.27424251557e-001-j7.74569050815e-001
  +6.02448315754e-001-j7.94059184373e-001
  +5.76867875894e-001-j8.12744966900e-001
  +5.50708785354e-001-j8.30607649973e-001
  +5.23997481418e-001-j8.47629316358e-001
  +4.96760958259e-001-j8.63792898138e-001
  +4.69026739404e-001-j8.79082193963e-001
  +4.40822849693e-001-j8.93481885417e-001
  +4.12177786767e-001-j9.06977552481e-001
  +3.83120492101e-001-j9.19555688076e-001
  +3.53680321613e-001-j9.31203711687e-001
  +3.23887015875e-001-j9.41909982025e-001
  +2.93770669948e-001-j9.51663808757e-001
  +2.63361702883e-001-j9.60455463248e-001
  +2.32690826896e-001-j9.68276188343e-001
  +2.01789016274e-001-j9.75118207156e-001
  +1.70687476012e-001-j9.80974730865e-001
  +1.39417610239e-001-j9.85839965512e-001
  +1.08010990445e-001-j9.89709117781e-001
  +7.64993235496e-002-j9.92578399783e-001
  +4.49144198428e-002-j9.94445032807e-001
  +1.32881608258e-002-j9.95307250054e-001
  -1.83475330119e-002-j9.95164298355e-001
  -4.99607344484e-002-j9.94016438849e-001
  -8.15195417873e-002-j9.91864946654e-001
  -1.12992111084e-001-j9.88712109494e-001
  -1.44346688306e-001-j9.84561225319e-001
  -1.75551641403e-001-j9.79416598891e-001
  -2.06575492245e-001-j9.73283537366e-001
  -2.37386948398e-001-j9.66168344849e-001
  -2.67954934714e-001-j9.58078315953e-001
  -2.98248624696e-001-j9.49021728357e-001
  -3.28237471604e-001-j9.39007834363e-001
  -3.57891239275e-001-j9.28046851480e-001
  -3.87180032633e-001-j9.16149952027e-001
  -4.16074327844e-001-j9.03329251774e-001
  -4.44545002091e-001-j8.89597797632e-001
  -4.72563362950e-001-j8.74969554403e-001
  -5.00101177316e-001-j8.59459390603e-001
  -5.27130699875e-001-j8.43083063376e-001
  -5.53624701069e-001-j8.25857202511e-001
  -5.79556494543e-001-j8.07799293576e-001
  -6.04899964041e-001-j7.88927660193e-001
  -6.29629589723e-001-j7.69261445468e-001
  -6.53720473874e-001-j7.48820592595e-001
  -6.77148365985e-001-j7.27625824647e-001
  -6.99889687180e-001-j7.05698623596e-001
  -7.21921553959e-001-j6.83061208552e-001
  -7.43221801235e-001-j6.59736513271e-001
  -7.63769004651e-001-j6.35748162939e-001
  -7.83542502138e-001-j6.11120450260e-001
  -8.02522414706e-001-j5.85878310873e-001
  -8.20689666442e-001-j5.60047298120e-001
  -8.38026003695e-001-j5.33653557195e-001
  -8.54514013430e-001-j5.06723798699e-001
  -8.70137140726e-001-j4.79285271619e-001
  -8.84879705414e-001-j4.51365735776e-001
  -8.98726917824e-001-j4.22993433751e-001
  -9.11664893636e-001-j3.94197062331e-001
  -9.23680667812e-001-j3.65005743497e-001
  -9.34762207599e-001-j3.35448994989e-001
  -9.44898424591e-001-j3.05556700463e-001
  -9.54079185839e-001-j2.75359079299e-001
  -9.62295323983e-001-j2.44886656054e-001
  -9.69538646428e-001-j2.14170229625e-001
  -9.75801943517e-001-j1.83240842125e-001
  -9.81078995720e-001-j1.52129747529e-001
  -9.85364579819e-001-j1.20868380095e-001
  -9.88654474093e-001-j8.94883226190e-002
  -9.90945462479e-001-j5.80212745336e-002
  -9.92235337731e-001-j2.64990198955e-002
  -9.92522903550e-001+j5.04660470978e-003
  -9.91807975699e-001+j3.65837423138e-002
  -9.90091382091e-001+j6.80805477290e-002
  -9.87374961863e-001+j9.95052196970e-002
  -9.83661563420e-001+j1.30826032991e-001
  -9.78955041465e-001+j1.62011370435e-001
  -9.73260253012e-001+j1.93029754819e-001
  -9.66583052392e-001+j2.23849880659e-001
  -9.58930285242e-001+j2.54440645789e-001
  -9.50309781506e-001+j2.84771182743e-001
  -9.40730347433e-001+j3.14810889894e-001
  -9.30201756594e-001+j3.44529462328e-001
  -9.18734739926e-001+j3.73896922410e-001
  -9.06340974806e-001+j4.02883650018e-001
  -8.93033073170e-001+j4.31460412414e-001
  -8.78824568693e-001+j4.59598393725e-001
  -8.63729903037e-001+j4.87269223990e-001
  -8.47764411185e-001+j5.14445007769e-001
  -8.30944305875e-001+j5.41098352254e-001
  -8.13286661142e-001+j5.67202394887e-001
  -7.94809395006e-001+j5.92730830421e-001
  -7.75531251295e-001+j6.17657937435e-001
  -7.55471780645e-001+j6.41958604244e-001
  -7.34651320680e-001+j6.65608354198e-001
  -7.13090975411e-001+j6.88583370329e-001
  -6.90812593848e-001+j7.10860519343e-001
  -6.67838747873e-001+j7.32417374908e-001
  -6.44192709379e-001+j7.53232240230e-001
  -6.19898426709e-001+j7.73284169892e-001
  -5.94980500412e-001+j7.92552990931e-001
  -5.69464158337e-001+j8.11019323131e-001
  -5.43375230110e-001+j8.28664598518e-001
  -5.16740120988e-001+j8.45471080029e-001
  -4.89585785153e-001+j8.61421879347e-001
  -4.61939698433e-001+j8.76500973864e-001
  -4.33829830521e-001+j8.90693222786e-001
  -4.05284616681e-001+j9.03984382332e-001
  -3.76332928992e-001+j9.16361120032e-001
  -3.47004047159e-001+j9.27811028105e-001
  -3.17327628906e-001+j9.38322635896e-001
  -2.87333679995e-001+j9.47885421374e-001
  -2.57052523896e-001+j9.56489821662e-001
  -2.26514771141e-001+j9.64127242606e-001
  -1.95751288384e-001+j9.70790067358e-001
  -1.64793167212e-001+j9.76471663978e-001
  -1.33671692730e-001+j9.81166392035e-001
  -1.02418311951e-001+j9.84869608209e-001
  -7.10646020307e-002+j9.87577670888e-001
  -3.96422383654e-002+j9.89287943746e-001
  -8.18296260267e-003+j9.89998798314e-001
  +2.32814494180e-002+j9.89709615528e-001
  +5.47192197540e-002+j9.88420786260e-001
  +8.60986004478e-002+j9.86133710824e-001
  +1.17387905582e-001+j9.82850797474e-001
  +1.48555543269e-001+j9.78575459871e-001
  +1.79570047543e-001+j9.73312113544e-001
  +2.10400110120e-001+j9.67066171338e-001
  +2.41014612000e-001+j9.59844037852e-001
  +2.71382654869e-001+j9.51653102882e-001
  +3.01473592283e-001+j9.42501733862e-001
  +3.31257060586e-001+j9.32399267326e-001
  +3.60703009548e-001+j9.21355999389e-001
  +3.89781732679e-001+j9.09383175258e-001
  +4.18463897192e-001+j8.96492977790e-001
  +4.46720573591e-001+j8.82698515100e-001
  +4.74523264845e-001+j8.68013807241e-001
  +5.01843935122e-001+j8.52453771957e-001
  +5.28655038059e-001+j8.36034209536e-001
  +5.54929544533e-001+j8.18771786775e-001
  +5.80640969905e-001+j8.00684020065e-001
  +6.05763400712e-001+j7.81789257628e-001
  +6.30271520786e-001+j7.62106660904e-001
  +6.54140636759e-001+j7.41656185133e-001
  +6.77346702943e-001+j7.20458559125e-001
  +6.99866345550e-001+j6.98535264258e-001
  +7.21676886233e-001+j6.75908512712e-001
  +7.42756364923e-001+j6.52601224974e-001
  +7.63083561935e-001+j6.28637006627e-001
  +7.82638019333e-001+j6.04040124443e-001
  +8.01400061513e-001+j5.78835481823e-001
  +8.19350815001e-001+j5.53048593584e-001
  +8.36472227438e-001+j5.26705560140e-001
  +8.52747085734e-001+j4.99833041089e-001
  +8.68159033371e-001+j4.72458228238e-001
  +8.82692586842e-001+j4.44608818097e-001
  +8.96333151205e-001+j4.16312983858e-001
  +9.09067034742e-001+j3.87599346907e-001
  +9.20881462698e-001+j3.58496947875e-001
  +9.31764590098e-001+j3.29035217271e-001
  +9.41705513625e-001+j2.99243945728e-001
  +9.50694282540e-001+j2.69153253888e-001
  +9.58721908644e-001+j2.38793561946e-001
  +9.65780375268e-001+j2.08195558911e-001
  +9.71862645275e-001+j1.77390171583e-001
  +9.76962668078e-001+j1.46408533304e-001
  +9.81075385661e-001+j1.15281952493e-001
  +9.84196737593e-001+j8.40418810200e-002
  +9.86323665035e-001+j5.27198824227e-002
  +9.87454113742e-001+j2.13476000261e-002
  +9.87587036039e-001-j1.00432750221e-002
  +9.86722391789e-001-j4.14210357598e-002
  +9.84861148343e-001-j7.27539914322e-002
  +9.82005279467e-001-j1.04010499494e-001
  +9.78157763256e-001-j1.35158997560e-001
  +9.73322579037e-001-j1.66168035273e-001
  +9.67504703257e-001-j1.97006306052e-001
  +9.60710104365e-001-j2.27642678698e-001
  +9.52945736694e-001-j2.58046228816e-001
  +9.44219533348e-001-j2.88186270024e-001
  +9.34540398101e-001-j3.18032384926e-001
  +9.23918196313e-001-j3.47554455800e-001
  +9.12363744886e-001-j3.76722694989e-001
  +8.99888801245e-001-j4.05507674953e-001
  +8.86506051381e-001-j4.33880357957e-001
  +8.72229096958e-001-j4.61812125355e-001
  +8.57072441489e-001-j4.89274806458e-001
  +8.41051475607e-001-j5.16240706942e-001
  +8.24182461443e-001-j5.42682636772e-001
  +8.06482516119e-001-j5.68573937615e-001
  +7.87969594390e-001-j5.93888509717e-001
  +7.68662470430e-001-j6.18600838206e-001
  +7.48580718796e-001-j6.42686018809e-001
  +7.27744694591e-001-j6.66119782947e-001
  +7.06175512835e-001-j6.88878522186e-001
  +6.83895027068e-001-j7.10939312021e-001
  +6.60925807217e-001-j7.32279934960e-001
  +6.37291116735e-001-j7.52878902906e-001
  +6.13014889043e-001-j7.72715478785e-001
  +5.88121703302e-001-j7.91769697424e-001
  +5.62636759525e-001-j8.10022385642e-001
  +5.36585853080e-001-j8.27455181543e-001
  +5.09995348574e-001-j8.44050552987e-001
  +4.82892153184e-001-j8.59791815218e-001
  +4.55303689428e-001-j8.74663147643e-001
  +4.27257867427e-001-j8.88649609724e-001
  +3.98783056672e-001-j9.01737155994e-001
  +3.69908057331e-001-j9.13912650156e-001
  +3.40662071127e-001-j9.25163878271e-001
  +3.11074671804e-001-j9.35479561009e-001
  +2.81175775233e-001-j9.44849364953e-001
  +2.50995609162e-001-j9.53263912953e-001
  +2.20564682663e-001-j9.60714793510e-001
  +1.89913755296e-001-j9.67194569183e-001
  +1.59073806015e-001-j9.72696784009e-001
  +1.28076001869e-001-j9.77215969944e-001
  +9.69516665038e-002-j9.80747652284e-001
  +6.57322485124e-002-j9.83288354106e-001
  +3.44492896651e-002-j9.84835599683e-001
  +3.13439304426e-003-j9.85387916896e-001
  -2.81808088782e-002-j9.84944838630e-001
  -5.94646861907e-002-j9.83506903159e-001
  -9.06856434860e-002-j9.81075653506e-001
  -1.21812151768e-001-j9.77653635799e-001
  -1.52812780288e-001-j9.73244396608e-001
  -1.83656228280e-001-j9.67852479271e-001
  -2.14311356562e-001-j9.61483419223e-001
  -2.44747218966e-001-j9.54143738309e-001
  -2.74933093582e-001-j9.45840938111e-001
  -3.04838513761e-001-j9.36583492288e-001
  -3.34433298862e-001-j9.26380837926e-001
  -3.63687584709e-001-j9.15243365922e-001
  -3.92571853723e-001-j9.03182410406e-001
  -4.21056964706e-001-j8.90210237209e-001
  -4.49114182232e-001-j8.76340031390e-001
  -4.76715205638e-001-j8.61585883842e-001
  -5.03832197568e-001-j8.45962776973e-001
  -5.30437812042e-001-j8.29486569500e-001
  -5.56505222033e-001-j8.12173980355e-001
  -5.82008146516e-001-j7.94042571717e-001
  -6.06920876960e-001-j7.75110731207e-001
  -6.31218303244e-001-j7.55397653236e-001
  -6.54875938963e-001-j7.34923319554e-001
  -6.77869946102e-001-j7.13708478996e-001
  -7.00177159054e-001-j6.91774626458e-001
  -7.21775107960e-001-j6.69143981122e-001
  -7.42642041338e-001-j6.45839463951e-001
  -7.62756947986e-001-j6.21884674477e-001
  -7.82099578141e-001-j5.97303866906e-001
  -8.00650463860e-001-j5.72121925564e-001
  -8.18390938616e-001-j5.46364339707e-001
  -8.35303156074e-001-j5.20057177728e-001
  -8.51370108049e-001-j4.93227060771e-001
  -8.66575641606e-001-j4.65901135801e-001
  -8.80904475298e-001-j4.38107048138e-001
  -8.94342214524e-001-j4.09872913488e-001
  -9.06875365990e-001-j3.81227289511e-001
  -9.18491351253e-001-j3.52199146937e-001
  -9.29178519348e-001-j3.22817840266e-001
  -9.38926158472e-001-j2.93113078092e-001
  -9.47724506720e-001-j2.63114893066e-001
  -9.55564761859e-001-j2.32853611528e-001
  -9.62439090135e-001-j2.02359822863e-001
  -9.68340634100e-001-j1.71664348575e-001
  -9.73263519447e-001-j1.40798211138e-001
  -9.77202860864e-001-j1.09792602650e-001
  -9.80154766876e-001-j7.86788533111e-002
  -9.82116343686e-001-j4.74883997696e-002
  -9.83085698016e-001-j1.62527533615e-002
  -9.83061938924e-001+j1.49965317219e-002
  -9.82045178623e-001+j4.62278903070e-002
  -9.80036532271e-001+j7.74097781198e-002
  -9.77038116766e-001+j1.08510703643e-001
</dep>
<dep S[2,2] frequency>
  +4.72631148180e-009+j1.01525328351e-007
  +1.50715632767e-008+j2.02554344623e-007
  +3.16748177991e-008+j3.02704982488e-007
  +5.45315954790e-008+j4.01582348978e-007
  +8.35726556757e-008+j4.98792947222e-007
  +1.18691721249e-007+j5.93948398619e-007
  +1.59752883316e-007+j6.86667775163e-007
  +2.06593694932e-007+j7.76579489837e-007
  +2.59026959991e-007+j8.63322984224e-007
  +3.16842063686e-007+j9.46550293354e-007
  +3.79806142896e-007+j1.02592751820e-006
  +4.47665217716e-007+j1.10113621742e-006
  +5.20145337930e-007+j1.17187472206e-006
  +5.96953769225e-007+j1.23785937294e-006
  +6.77780230224e-007+j1.29882567900e-006
  +7.62298184391e-007+j1.35452939374e-006
  +8.50166186948e-007+j1.40474750679e-006
  +9.41029284723e-007+j1.44927914728e-006
  +1.03452046539e-006+j1.48794639614e-006
  +1.13026215167e-006+j1.52059500431e-006
  +1.22786773532e-006+j1.54709501443e-006
  +1.32694314556e-006+j1.56734128354e-006
  +1.42708844583e-006+j1.58125390499e-006
  +1.52789945287e-006+j1.58877852802e-006
  +1.62896937191e-006+j1.58988657365e-006
  +1.72989044135e-006+j1.58457534633e-006
  +1.83025558061e-006+j1.57286804082e-006
  +1.92966003445e-006+j1.55481364435e-006
  +2.02770300731e-006+j1.53048673456e-006
  +2.12398928112e-006+j1.49998717411e-006
  +2.21813080998e-006+j1.46343970311e-006
  +2.30974828552e-006+j1.42099343118e-006
  +2.39847266647e-006+j1.37282123117e-006
  +2.48394666640e-006+j1.31911903699e-006
  +2.56582619365e-006+j1.26010504850e-006
  +2.64378173756e-006+j1.19601884663e-006
  +2.71749969562e-006+j1.12712042229e-006
  +2.78668363598e-006+j1.05368912314e-006
  +2.85105549043e-006+j9.76022522368e-007
  +2.91035667294e-006+j8.94435214114e-007
  +2.96434911937e-006+j8.09257540431e-007
  +3.01281624399e-006+j7.20834254909e-007
  +3.05556380926e-006+j6.29523128391e-007
  +3.09242070503e-006+j5.35693502413e-007
  +3.12323963440e-006+j4.39724796224e-007
  +3.14789770313e-006+j3.42004973424e-007
  +3.16629691058e-006+j2.42928974412e-007
  +3.17836453993e-006+j1.42897120985e-007
  +3.18405344638e-006+j4.23134995363e-008
  +3.18334224195e-006-j5.84156706256e-008
  +3.17623537638e-006-j1.58883677233e-007
  +3.16276311360e-006-j2.58684956683e-007
  +3.14298140414e-006-j3.57416730689e-007
  +3.11697165375e-006-j4.54680631363e-007
  +3.08484038940e-006-j5.50084308166e-007
  +3.04671882393e-006-j6.43243010245e-007
  +3.00276232107e-006-j7.33781137777e-007
  +2.95314976323e-006-j8.21333756048e-007
  +2.89808282433e-006-j9.05548066192e-007
  +2.83778515086e-006-j9.86084826631e-007
  +2.77250145439e-006-j1.06261971950e-006
  +2.70249651928e-006-j1.13484465658e-006
  +2.62805412945e-006-j1.20246901938e-006
  +2.54947591882e-006-j1.26522082857e-006
  +2.46708014983e-006-j1.32284783778e-006
  +2.38120042510e-006-j1.37511854766e-006
  +2.29218433750e-006-j1.42182313592e-006
  +2.20039206390e-006-j1.46277429963e-006
  +2.10619490852e-006-j1.49780800657e-006
  +2.00997380160e-006-j1.52678415232e-006
  +1.91211775956e-006-j1.54958712080e-006
  +1.81302231275e-006-j1.56612624569e-006
  +1.71308790737e-006-j1.57633617113e-006
  +1.61271828773e-006-j1.58017711012e-006
  +1.51231886558e-006-j1.57763499968e-006
  +1.41229508312e-006-j1.56872155212e-006
  +1.31305077606e-006-j1.55347420226e-006
  +1.21498654367e-006-j1.53195595075e-006
  +1.11849813211e-006-j1.50425510433e-006
  +1.02397483776e-006-j1.47048491388e-006
  +9.31797936850e-007-j1.43078311189e-006
  +8.42339147855e-007-j1.38531135119e-006
  +7.55959132748e-007-j1.33425454720e-006
  +6.73006043210e-007-j1.27782012643e-006
  +5.93814117643e-007-j1.21623718422e-006
  +5.18702334645e-007-j1.14975555523e-006
  +4.47973128366e-007-j1.07864480029e-006
  +3.81911170914e-007-j1.00319311396e-006
  +3.20782226732e-007-j9.23706156912e-007
  +2.64832083539e-007-j8.40505818192e-007
  +2.14285564139e-007-j7.53928912121e-007
  +1.69345623082e-007-j6.64325815234e-007
  +1.30192531796e-007-j5.72059048743e-007
  +9.69831554615e-008-j4.77501812247e-007
  +6.98503245451e-008-j3.81036474633e-007
  +4.89023034891e-008-j2.83053028265e-007
  +3.42223587005e-008-j1.83947512702e-007
  +2.58684275544e-008-j8.41204143279e-008
  +2.38728897324e-008+j1.60249516503e-008
  +2.82424417963e-008+j1.16084070300e-007
  +3.89580754853e-008+j2.15652860571e-007
  +5.59751598023e-008+j3.14329306817e-007
  +7.92236265379e-008+j4.11715081657e-007
  +1.08608258463e-007+j5.07417153608e-007
  +1.44009079005e-007+j6.01049373009e-007
  +1.85281841817e-007+j6.92234029847e-007
  +2.32258618236e-007+j7.80603377183e-007
  +2.84748480255e-007+j8.65801114045e-007
  +3.42538276211e-007+j9.47483821810e-007
  +4.05393496056e-007+j1.02532234828e-006
  +4.73059222694e-007+j1.09900313386e-006
  +5.45261165521e-007+j1.16822947454e-006
  +6.21706771992e-007+j1.23272271656e-006
  +7.02086412691e-007+j1.29222337790e-006
  +7.86074635130e-007+j1.34649219219e-006
  +8.73331481175e-007+j1.39531107081e-006
  +9.63503862792e-007+j1.43848397915e-006
  +1.05622699052e-006+j1.47583772382e-006
  +1.15112584894e-006+j1.50722264735e-006
  +1.24781671306e-006+j1.53251322774e-006
  +1.34590869971e-006+j1.55160858048e-006
  +1.44500534736e-006+j1.56443286090e-006
  +1.54470621829e-006+j1.57093556546e-006
  +1.64460851642e-006+j1.57109173049e-006
  +1.74430871435e-006+j1.56490202790e-006
  +1.84340418307e-006+j1.55239275728e-006
  +1.94149481767e-006+j1.53361573455e-006
  +2.03818465257e-006+j1.50864807757e-006
  +2.13308345968e-006+j1.47759188964e-006
  +2.22580832313e-006+j1.44057384219e-006
  +2.31598518408e-006+j1.39774465828e-006
  +2.40325034958e-006+j1.34927849917e-006
  +2.48725195912e-006+j1.29537225627e-006
  +2.56765140325e-006+j1.23624475154e-006
  +2.64412468835e-006+j1.17213584938e-006
  +2.71636374207e-006+j1.10330548385e-006
  +2.78407765433e-006+j1.03003260491e-006
  +2.84699384865e-006+j9.52614048198e-007
  +2.90485917931e-006+j8.71363332682e-007
  +2.95744094977e-006+j7.86609391290e-007
  +3.00452784836e-006+j6.98695239472e-007
  +3.04593079741e-006+j6.07976587187e-007
  +3.08148371240e-006+j5.14820399884e-007
  +3.11104416816e-006+j4.19603414321e-007
  +3.13449396935e-006+j3.22710615211e-007
  +3.15173962304e-006+j2.24533678860e-007
  +3.16271271140e-006+j1.25469390081e-007
  +3.16737016306e-006+j2.59180387987e-008
  +3.16569442207e-006-j7.37181972052e-008
  +3.15769351381e-006-j1.73036876841e-007
  +3.14340100753e-006-j2.71636921014e-007
  +3.12287587583e-006-j3.69120232117e-007
  +3.09620225145e-006-j4.65093301154e-007
  +3.06348908265e-006-j5.59168796041e-007
  +3.02486968833e-006-j6.50967124639e-007
  +2.98050121488e-006-j7.40117966236e-007
  +2.93056399689e-006-j8.26261765292e-007
  +2.87526082435e-006-j9.09051181418e-007
  +2.81481611930e-006-j9.88152489752e-007
  +2.74947502526e-006-j1.06324692607e-006
  +2.67950241323e-006-j1.13403197124e-006
  +2.60518180813e-006-j1.20022256981e-006
  +2.52681424015e-006-j1.26155227781e-006
  +2.44471702561e-006-j1.31777433526e-006
  +2.35922248235e-006-j1.36866265888e-006
  +2.27067658466e-006-j1.41401275114e-006
  +2.17943756347e-006-j1.45364252204e-006
  +2.08587445715e-006-j1.48739302009e-006
  +1.99036561910e-006-j1.51512906985e-006
  +1.89329718787e-006-j1.53673981327e-006
  +1.79506152622e-006-j1.55213915268e-006
  +1.69605563533e-006-j1.56126609379e-006
  +1.59667955051e-006-j1.56408498720e-006
  +1.49733472508e-006-j1.56058566748e-006
  +1.39842240873e-006-j1.55078348935e-006
  +1.30034202707e-006-j1.53471926079e-006
  +1.20348956883e-006-j1.51245907334e-006
  +1.10825598722e-006-j1.48409403036e-006
  +1.01502562201e-006-j1.44973987429e-006
  +9.24174648535e-007-j1.40953651452e-006
  +8.36069560024e-007-j1.36364745771e-006
  +7.51065689266e-007-j1.31225914295e-006
  +6.69505775670e-007-j1.25558018443e-006
  +5.91718583445e-007-j1.19384052466e-006
  +5.18017576466e-007-j1.12729050177e-006
  +4.48699655199e-007-j1.05619983457e-006
  +3.84043960747e-007-j9.80856529592e-007
  +3.24310750847e-007-j9.01565714389e-007
  +2.69740352338e-007-j8.18648402004e-007
  +2.20552194326e-007-j7.32440191456e-007
  +1.76943925918e-007-j6.43289909591e-007
  +1.39090622092e-007-j5.51558199759e-007
  +1.07144080877e-007-j4.57616063032e-007
  +8.12322146775e-008-j3.61843357873e-007
  +6.14585381687e-008-j2.64627264305e-007
  +4.79017548306e-008-j1.66360718807e-007
  +4.06154437545e-008-j6.74408262510e-008
  +3.96278479805e-008+j3.17327446943e-008
  +4.49417651958e-008+j1.30759376218e-007
  +5.65345412184e-008+j2.29239119551e-007
  +7.43581662727e-008+j3.26774310144e-007
  +9.83394736497e-008+j4.22971173320e-007
  +1.28380439930e-007+j5.17441413919e-007
  +1.64358585538e-007+j6.09803783512e-007
  +2.06127473992e-007+j6.99685618868e-007
  +2.53517307817e-007+j7.86724345461e-007
  +3.06335618687e-007+j8.70568939946e-007
  +3.64368049012e-007+j9.50881345721e-007
  +4.27379221766e-007+j1.02733783585e-006
  +4.95113695063e-007+j1.09963031787e-006
  +5.67296997574e-007+j1.16746757519e-006
  +6.43636740622e-007+j1.23057644013e-006
  +7.23823802418e-007+j1.28870289384e-006
  +8.07533579673e-007+j1.34161308867e-006
  +8.94427301487e-007+j1.38909428889e-006
  +9.84153400231e-007+j1.43095572597e-006
  +1.07634893384e-006+j1.46702936501e-006
  +1.17064105381e-006+j1.49717057914e-006
  +1.26664851289e-006+j1.52125872935e-006
  +1.36398320644e-006+j1.53919764726e-006
  +1.46225174122e-006+j1.55091601901e-006
  +1.56105702522e-006+j1.55636766869e-006
  +1.65999987214e-006+j1.55553174019e-006
  +1.75868061403e-006+j1.54841277674e-006
  +1.85670071561e-006+j1.53504069787e-006
  +1.95366438365e-006+j1.51547067391e-006
  +2.04918016508e-006+j1.48978289848e-006
  +2.14286252718e-006+j1.45808225999e-006
  +2.23433341362e-006+j1.42049791348e-006
  +2.32322377001e-006+j1.37718275446e-006
  +2.40917503283e-006+j1.32831279708e-006
  +2.49184057566e-006+j1.27408645893e-006
  +2.57088710702e-006+j1.21472375555e-006
  +2.64599601402e-006+j1.15046540782e-006
  +2.71686464651e-006+j1.08157186598e-006
  +2.78320753655e-006+j1.00832225399e-006
  +2.84475754823e-006+j9.31013238818e-007
  +2.90126695323e-006+j8.49957828990e-007
  +2.95250842783e-006+j7.65484107382e-007
  +2.99827596734e-006+j6.77933903369e-007
  +3.03838571419e-006+j5.87661409690e-007
  +3.07267669653e-006+j4.95031749634e-007
  +3.10101147414e-006+j4.00419500337e-007
  +3.12327668929e-006+j3.04207178168e-007
  +3.13938352016e-006+j2.06783692328e-007
  +3.14926803515e-006+j1.08542772902e-007
  +3.15289144651e-006+j9.88137973423e-009
  +3.15024026246e-006-j8.88019014531e-008
  +3.14132633707e-006-j1.87108469222e-007
  +3.12618681777e-006-j2.84641316347e-007
  +3.10488399069e-006-j3.81006633016e-007
  +3.07750502458e-006-j4.75815396823e-007
  +3.04416161417e-006-j5.68684943144e-007
  +3.00498952461e-006-j6.59240509541e-007
  +2.96014803875e-006-j7.47116747982e-007
  +2.90981930954e-006-j8.31959198754e-007
  +2.85420762019e-006-j9.13425720141e-007
  +2.79353855506e-006-j9.91187868087e-007
  +2.72805808468e-006-j1.06493222030e-006
  +2.65803156859e-006-j1.13436163940e-006
  +2.58374268007e-006-j1.19919647018e-006
  +2.50549225708e-006-j1.25917566587e-006
  +2.42359708408e-006-j1.31405783921e-006
  +2.33838860965e-006-j1.36362223381e-006
  +2.25021160518e-006-j1.40766961211e-006
  +2.15942276990e-006-j1.44602305617e-006
  +2.06638928805e-006-j1.47852867822e-006
  +1.97148734393e-006-j1.50505623809e-006
  +1.87510060089e-006-j1.52549966498e-006
  +1.77761865037e-006-j1.53977748150e-006
  +1.67943543727e-006-j1.54783312840e-006
  +1.58094766803e-006-j1.54963518845e-006
  +1.48255320785e-006-j1.54517750888e-006
  +1.38464947350e-006-j1.53447922169e-006
  +1.28763182824e-006-j1.51758466180e-006
  +1.19189198531e-006-j1.49456318350e-006
  +1.09781642644e-006-j1.46550887581e-006
  +1.00578484183e-006-j1.43054017806e-006
  +9.16168597750e-007-j1.38979939712e-006
  +8.29329238118e-007-j1.34345212838e-006
  +7.45617025944e-007-j1.29168658270e-006
  +6.65369530653e-007-j1.23471282221e-006
  +5.88910266900e-007-j1.17276190796e-006
  +5.16547390402e-007-j1.10608496292e-006
  +4.48572456034e-007-j1.03495215406e-006
  +3.85259243198e-007-j9.59651597812e-007
  +3.26862653190e-007-j8.80488193096e-007
  +2.73617683019e-007-j7.97782386874e-007
  +2.25738479792e-007-j7.11868877077e-007
  +1.83417479486e-007-j6.23095258208e-007
  +1.46824633555e-007-j5.31820615106e-007
  +1.16106726496e-007-j4.38414070549e-007
  +9.13867871036e-008-j3.43253292568e-007
  +7.27635957718e-008-j2.46722967517e-007
  +6.03112898303e-008-j1.49213245061e-007
  +5.40790684761e-008-j5.11181613834e-008
  +5.40909984844e-008+j4.71659530372e-008
  +6.03459214616e-008+j1.45242074623e-007
  +7.28174629988e-008+j2.42714090417e-007
  +9.14541436694e-008+j3.39188397836e-007
</dep>
