<Qucs Dataset 0.0.18>
<indep param 101>
  +0.00000000000e+000
  +6.00000000000e+000
  +1.20000000000e+001
  +1.80000000000e+001
  +2.40000000000e+001
  +3.00000000000e+001
  +3.60000000000e+001
  +4.20000000000e+001
  +4.80000000000e+001
  +5.40000000000e+001
  +6.00000000000e+001
  +6.60000000000e+001
  +7.20000000000e+001
  +7.80000000000e+001
  +8.40000000000e+001
  +9.00000000000e+001
  +9.60000000000e+001
  +1.02000000000e+002
  +1.08000000000e+002
  +1.14000000000e+002
  +1.20000000000e+002
  +1.26000000000e+002
  +1.32000000000e+002
  +1.38000000000e+002
  +1.44000000000e+002
  +1.50000000000e+002
  +1.56000000000e+002
  +1.62000000000e+002
  +1.68000000000e+002
  +1.74000000000e+002
  +1.80000000000e+002
  +1.86000000000e+002
  +1.92000000000e+002
  +1.98000000000e+002
  +2.04000000000e+002
  +2.10000000000e+002
  +2.16000000000e+002
  +2.22000000000e+002
  +2.28000000000e+002
  +2.34000000000e+002
  +2.40000000000e+002
  +2.46000000000e+002
  +2.52000000000e+002
  +2.58000000000e+002
  +2.64000000000e+002
  +2.70000000000e+002
  +2.76000000000e+002
  +2.82000000000e+002
  +2.88000000000e+002
  +2.94000000000e+002
  +3.00000000000e+002
  +3.06000000000e+002
  +3.12000000000e+002
  +3.18000000000e+002
  +3.24000000000e+002
  +3.30000000000e+002
  +3.36000000000e+002
  +3.42000000000e+002
  +3.48000000000e+002
  +3.54000000000e+002
  +3.60000000000e+002
  +3.66000000000e+002
  +3.72000000000e+002
  +3.78000000000e+002
  +3.84000000000e+002
  +3.90000000000e+002
  +3.96000000000e+002
  +4.02000000000e+002
  +4.08000000000e+002
  +4.14000000000e+002
  +4.20000000000e+002
  +4.26000000000e+002
  +4.32000000000e+002
  +4.38000000000e+002
  +4.44000000000e+002
  +4.50000000000e+002
  +4.56000000000e+002
  +4.62000000000e+002
  +4.68000000000e+002
  +4.74000000000e+002
  +4.80000000000e+002
  +4.86000000000e+002
  +4.92000000000e+002
  +4.98000000000e+002
  +5.04000000000e+002
  +5.10000000000e+002
  +5.16000000000e+002
  +5.22000000000e+002
  +5.28000000000e+002
  +5.34000000000e+002
  +5.40000000000e+002
  +5.46000000000e+002
  +5.52000000000e+002
  +5.58000000000e+002
  +5.64000000000e+002
  +5.70000000000e+002
  +5.76000000000e+002
  +5.82000000000e+002
  +5.88000000000e+002
  +5.94000000000e+002
  +6.00000000000e+002
</indep>
<dep I_total param>
  +3.42408792618e-002
  +2.00207492358e-002
  +1.42750563626e-002
  +1.11518795004e-002
  +9.17966394811e-003
  +7.81702439743e-003
  +6.81710311049e-003
  +6.05093178643e-003
  +5.44443091373e-003
  +4.95195666591e-003
  +4.54382124881e-003
  +4.19986449903e-003
  +3.90590623107e-003
  +3.65167637746e-003
  +3.42955060021e-003
  +3.23374755528e-003
  +3.05980221120e-003
  +2.90421033911e-003
  +2.76418252694e-003
  +2.63747022553e-003
  +2.52224033177e-003
  +2.41698319002e-003
  +2.32044405136e-003
  +2.23157128736e-003
  +2.14947676096e-003
  +2.07340514532e-003
  +2.00270991601e-003
  +1.93683437993e-003
  +1.87529654782e-003
  +1.81767697061e-003
  +1.76360888225e-003
  +1.71277015394e-003
  +1.66487668204e-003
  +1.61967692020e-003
  +1.57694733047e-003
  +1.53648857801e-003
  +1.49812233113e-003
  +1.46168855700e-003
  +1.42704322563e-003
  +1.39405635179e-003
  +1.36261031824e-003
  +1.33259843403e-003
  +1.30392369044e-003
  +1.27649768330e-003
  +1.25023967658e-003
  +1.22507578586e-003
  +1.20093826421e-003
  +1.17776487575e-003
  +1.15549834456e-003
  +1.13408586860e-003
  +1.11347868979e-003
  +1.09363171286e-003
  +1.07450316658e-003
  +1.05605430203e-003
  +1.03824912318e-003
  +1.02105414588e-003
  +1.00443818176e-003
  +9.88372144189e-004
  +9.72828873491e-004
  +9.57782979502e-004
  +9.43210699255e-004
  +9.29089768266e-004
  +9.15399303834e-004
  +9.02119699136e-004
  +8.89232526929e-004
  +8.76720451850e-004
  +8.64567150455e-004
  +8.52757238198e-004
  +8.41276202665e-004
  +8.30110342407e-004
  +8.19246710915e-004
  +8.08673065129e-004
  +7.98377818157e-004
  +7.88349995733e-004
  +7.78579196142e-004
  +7.69055553214e-004
  +7.59769702201e-004
  +7.50712748193e-004
  +7.41876236937e-004
  +7.33252127783e-004
  +7.24832768607e-004
  +7.16610872557e-004
  +7.08579496429e-004
  +7.00732020588e-004
  +6.93062130263e-004
  +6.85563798147e-004
  +6.78231268154e-004
  +6.71059040302e-004
  +6.64041856559e-004
  +6.57174687646e-004
  +6.50452720695e-004
  +6.43871347684e-004
  +6.37426154619e-004
  +6.31112911399e-004
  +6.24927562303e-004
  +6.18866217060e-004
  +6.12925142473e-004
  +6.07100754555e-004
  +6.01389611098e-004
  +5.95788404737e-004
  +5.90293956363e-004
</dep>
<dep Pr1.I param>
  +1.70638364658e-002
  +9.89497764190e-003
  +7.05513585024e-003
  +5.51152566856e-003
  +4.53678456652e-003
  +3.86332449154e-003
  +3.36913464830e-003
  +2.99047262348e-003
  +2.69072508609e-003
  +2.44733303821e-003
  +2.24562367941e-003
  +2.07563316511e-003
  +1.93035319031e-003
  +1.80470797441e-003
  +1.69492934842e-003
  +1.59816001195e-003
  +1.51219322782e-003
  +1.43529711655e-003
  +1.36609308191e-003
  +1.30346983724e-003
  +1.24652142057e-003
  +1.19450172615e-003
  +1.14679062960e-003
  +1.10286839373e-003
  +1.06229608268e-003
  +1.02470039856e-003
  +9.89761816088e-004
  +9.57205206664e-004
  +9.26792361955e-004
  +8.98315982332e-004
  +8.71594805229e-004
  +8.46469628722e-004
  +8.22800043711e-004
  +8.00461731541e-004
  +7.79344215874e-004
  +7.59348982009e-004
  +7.40387895405e-004
  +7.22381865165e-004
  +7.05259709285e-004
  +6.88957186939e-004
  +6.73416169792e-004
  +6.58583929477e-004
  +6.44412522744e-004
  +6.30858258874e-004
  +6.17881236868e-004
  +6.05444941912e-004
  +5.93515892443e-004
  +5.82063330550e-004
  +5.71058949620e-004
  +5.60476654098e-004
  +5.50292347031e-004
  +5.40483741672e-004
  +5.31030194079e-004
  +5.21912553975e-004
  +5.13113031608e-004
  +5.04615078639e-004
  +4.96403281339e-004
  +4.88463264680e-004
  +4.80781605978e-004
  +4.73345757062e-004
  +4.66143973948e-004
  +4.59165253223e-004
  +4.52399274374e-004
  +4.45836347443e-004
  +4.39467365440e-004
  +4.33283760998e-004
  +4.27277466852e-004
  +4.21440879757e-004
  +4.15766827487e-004
  +4.10248538607e-004
  +4.04879614783e-004
  +3.99654005337e-004
  +3.94565983875e-004
  +3.89610126777e-004
  +3.84781293380e-004
  +3.80074607696e-004
  +3.75485441551e-004
  +3.71009398965e-004
  +3.66642301742e-004
  +3.62380176090e-004
  +3.58219240235e-004
  +3.54155892923e-004
  +3.50186702737e-004
  +3.46308398172e-004
  +3.42517858390e-004
  +3.38812104621e-004
  +3.35188292137e-004
  +3.31643702782e-004
  +3.28175737970e-004
  +3.24781912172e-004
  +3.21459846809e-004
  +3.18207264543e-004
  +3.15021983924e-004
  +3.11901914385e-004
  +3.08845051541e-004
  +3.05849472774e-004
  +3.02913333093e-004
  +3.00034861249e-004
  +2.97212356064e-004
  +2.94444182997e-004
  +2.91728770896e-004
</dep>
<dep V1.I param>
  -3.47132165165e-005
  -4.86050924806e-007
  -3.47057478406e-007
  -2.71337775676e-007
  -2.23461631641e-007
  -1.90355562479e-007
  -1.66047580211e-007
  -1.47413808272e-007
  -1.32658257846e-007
  -1.20673565029e-007
  -1.10739076168e-007
  -1.02365194581e-007
  -9.52074203989e-008
  -8.90161688656e-008
  -8.36061018308e-008
  -7.88366489466e-008
  -7.45992229125e-008
  -7.08085871151e-008
  -6.73968811032e-008
  -6.43093944995e-008
  -6.15015194691e-008
  -5.89365147744e-008
  -5.65838396702e-008
  -5.44178948454e-008
  -5.24170588176e-008
  -5.05629418027e-008
  -4.88398017805e-008
  -4.72340830265e-008
  -4.57340481086e-008
  -4.43294819386e-008
  -4.30114519221e-008
  -4.17721121816e-008
  -4.06045426364e-008
  -3.95026159246e-008
  -3.84608866900e-008
  -3.74744989500e-008
  -3.65391082004e-008
  -3.56508155830e-008
  -3.48061119880e-008
  -3.40018303742e-008
  -3.32351049494e-008
  -3.25033360652e-008
  -3.18041599155e-008
  -3.11354223049e-008
  -3.04951558316e-008
  -2.98815600147e-008
  -2.92929838908e-008
  -2.87279107672e-008
  -2.81849447858e-008
  -2.76627990970e-008
  -2.71602853836e-008
  -2.66763045707e-008
  -2.62098385790e-008
  -2.57599429732e-008
  -2.53257403985e-008
  -2.49064147097e-008
  -2.45012057069e-008
  -2.41094044046e-008
  -2.37303487790e-008
  -2.33634199272e-008
  -2.30080386030e-008
  -2.26636620782e-008
  -2.23297813014e-008
  -2.20059183137e-008
  -2.16916239099e-008
  -2.13864754933e-008
  -2.10900751297e-008
  -2.08020477704e-008
  -2.05220396243e-008
  -2.02497166644e-008
  -1.99847632676e-008
  -1.97268809544e-008
  -1.94757872408e-008
  -1.92312145754e-008
  -1.89929093634e-008
  -1.87606310632e-008
  -1.85341513571e-008
  -1.83132533788e-008
  -1.80977310062e-008
  -1.78873881971e-008
  -1.76820383814e-008
  -1.74815038941e-008
  -1.72856154464e-008
  -1.70942116385e-008
  -1.69071385020e-008
  -1.67242490748e-008
  -1.65454030103e-008
  -1.63704662032e-008
  -1.61993104462e-008
  -1.60318131113e-008
  -1.58678568425e-008
  -1.57073292823e-008
  -1.55501228009e-008
  -1.53961342520e-008
  -1.52452647415e-008
  -1.50974194089e-008
  -1.49525072227e-008
  -1.48104407896e-008
  -1.46711361734e-008
  -1.45345127242e-008
  -1.44004929214e-008
</dep>
<dep Pr3.I param>
  +3.45357371142e-002
  +2.01089463673e-002
  +1.43379420711e-002
  +1.12010067201e-002
  +9.22010299331e-003
  +7.85146062505e-003
  +6.84713439840e-003
  +6.07758787017e-003
  +5.46841518739e-003
  +4.97377144943e-003
  +4.56383807890e-003
  +4.21836610111e-003
  +3.92311286277e-003
  +3.66776305382e-003
  +3.44465874889e-003
  +3.24799313546e-003
  +3.07328151231e-003
  +2.91700421345e-003
  +2.77635953866e-003
  +2.64908903326e-003
  +2.53335151881e-003
  +2.42763068919e-003
  +2.33066626797e-003
  +2.24140199399e-003
  +2.15894581768e-003
  +2.08253908478e-003
  +2.01153242274e-003
  +1.94536668605e-003
  +1.88355776216e-003
  +1.82568435420e-003
  +1.77137808043e-003
  +1.72031539295e-003
  +1.67221093660e-003
  +1.62681205685e-003
  +1.58389423104e-003
  +1.54325724618e-003
  +1.50472198499e-003
  +1.46812770966e-003
  +1.43332975568e-003
  +1.40019756521e-003
  +1.36861300287e-003
  +1.33846890772e-003
  +1.30966784367e-003
  +1.28212101711e-003
  +1.25574733635e-003
  +1.23047259148e-003
  +1.20622873713e-003
  +1.18295326326e-003
  +1.16058864162e-003
  +1.13908183756e-003
  +1.11838387823e-003
  +1.09844946968e-003
  +1.07923665667e-003
  +1.06070651959e-003
  +1.04282290382e-003
  +1.02555217772e-003
  +1.00886301553e-003
  +9.92726202457e-004
  +9.77114459199e-004
  +9.62002283736e-004
  +9.47365808420e-004
  +9.33182670685e-004
  +9.19431895836e-004
  +9.06093790675e-004
  +8.93149846782e-004
  +8.80582652429e-004
  +8.68375812259e-004
  +8.56513873956e-004
  +8.44982261172e-004
  +8.33767212101e-004
  +8.22855723200e-004
  +8.12235497476e-004
  +8.01894896991e-004
  +7.91822899137e-004
  +7.82009056375e-004
  +7.72443459071e-004
  +7.63116701224e-004
  +7.54019848740e-004
  +7.45144410121e-004
  +7.36482309295e-004
  +7.28025860430e-004
  +7.19767744573e-004
  +7.11700987932e-004
  +7.03818941712e-004
  +6.96115263323e-004
  +6.88583898906e-004
  +6.81219067018e-004
  +6.74015243447e-004
  +6.66967147000e-004
  +6.60069726241e-004
  +6.53318147099e-004
  +6.46707781255e-004
  +6.40234195269e-004
  +6.33893140404e-004
  +6.27680543073e-004
  +6.21592495867e-004
  +6.15625249145e-004
  +6.09775203130e-004
  +6.04038900450e-004
  +5.98413019171e-004
  +5.92894366177e-004
</dep>
<dep V2.I param>
  -3.42408792618e-002
  -2.00207492358e-002
  -1.42750563626e-002
  -1.11518795004e-002
  -9.17966394811e-003
  -7.81702439743e-003
  -6.81710311049e-003
  -6.05093178643e-003
  -5.44443091373e-003
  -4.95195666591e-003
  -4.54382124881e-003
  -4.19986449903e-003
  -3.90590623107e-003
  -3.65167637746e-003
  -3.42955060021e-003
  -3.23374755528e-003
  -3.05980221120e-003
  -2.90421033911e-003
  -2.76418252694e-003
  -2.63747022553e-003
  -2.52224033177e-003
  -2.41698319002e-003
  -2.32044405136e-003
  -2.23157128736e-003
  -2.14947676096e-003
  -2.07340514532e-003
  -2.00270991601e-003
  -1.93683437993e-003
  -1.87529654782e-003
  -1.81767697061e-003
  -1.76360888225e-003
  -1.71277015394e-003
  -1.66487668204e-003
  -1.61967692020e-003
  -1.57694733047e-003
  -1.53648857801e-003
  -1.49812233113e-003
  -1.46168855700e-003
  -1.42704322563e-003
  -1.39405635179e-003
  -1.36261031824e-003
  -1.33259843403e-003
  -1.30392369044e-003
  -1.27649768330e-003
  -1.25023967658e-003
  -1.22507578586e-003
  -1.20093826421e-003
  -1.17776487575e-003
  -1.15549834456e-003
  -1.13408586860e-003
  -1.11347868979e-003
  -1.09363171286e-003
  -1.07450316658e-003
  -1.05605430203e-003
  -1.03824912318e-003
  -1.02105414588e-003
  -1.00443818176e-003
  -9.88372144189e-004
  -9.72828873491e-004
  -9.57782979502e-004
  -9.43210699255e-004
  -9.29089768266e-004
  -9.15399303834e-004
  -9.02119699136e-004
  -8.89232526929e-004
  -8.76720451850e-004
  -8.64567150455e-004
  -8.52757238198e-004
  -8.41276202665e-004
  -8.30110342407e-004
  -8.19246710915e-004
  -8.08673065129e-004
  -7.98377818157e-004
  -7.88349995733e-004
  -7.78579196142e-004
  -7.69055553214e-004
  -7.59769702201e-004
  -7.50712748193e-004
  -7.41876236937e-004
  -7.33252127783e-004
  -7.24832768607e-004
  -7.16610872557e-004
  -7.08579496429e-004
  -7.00732020588e-004
  -6.93062130263e-004
  -6.85563798147e-004
  -6.78231268154e-004
  -6.71059040302e-004
  -6.64041856559e-004
  -6.57174687646e-004
  -6.50452720695e-004
  -6.43871347684e-004
  -6.37426154619e-004
  -6.31112911399e-004
  -6.24927562303e-004
  -6.18866217060e-004
  -6.12925142473e-004
  -6.07100754555e-004
  -6.01389611098e-004
  -5.95788404737e-004
  -5.90293956363e-004
</dep>
<dep V3.I param>
  -3.50720157677e-002
  -2.06412175789e-002
  -1.48686102259e-002
  -1.17308035040e-002
  -9.74934952618e-003
  -8.38032697948e-003
  -7.37572177333e-003
  -6.60596148217e-003
  -5.99661958475e-003
  -5.50183844576e-003
  -5.09179120484e-003
  -4.74622326262e-003
  -4.45088800949e-003
  -4.19546727004e-003
  -3.97230099169e-003
  -3.77558074892e-003
  -3.60082059477e-003
  -3.44449988554e-003
  -3.30381614279e-003
  -3.17651028447e-003
  -3.06074062071e-003
  -2.95499042420e-003
  -2.85799906841e-003
  -2.76870999880e-003
  -2.68623091799e-003
  -2.60980296101e-003
  -2.53877657489e-003
  -2.47259245883e-003
  -2.41076636579e-003
  -2.35287688189e-003
  -2.29855552304e-003
  -2.24747865149e-003
  -2.19936083278e-003
  -2.15394934224e-003
  -2.11101959480e-003
  -2.07037132190e-003
  -2.03182535647e-003
  -1.99522091605e-003
  -1.96041329598e-003
  -1.92727190212e-003
  -1.89567856629e-003
  -1.86552609778e-003
  -1.83671703343e-003
  -1.80916255498e-003
  -1.78278154820e-003
  -1.75749978257e-003
  -1.73324919382e-003
  -1.70996725453e-003
  -1.68759642050e-003
  -1.66608364233e-003
  -1.64537993356e-003
  -1.62543998767e-003
  -1.60622183778e-003
  -1.58768655343e-003
  -1.56979797000e-003
  -1.55252244647e-003
  -1.53582864840e-003
  -1.51968735288e-003
  -1.50407127303e-003
  -1.48895489974e-003
  -1.47431435873e-003
  -1.46012728124e-003
  -1.44637268673e-003
  -1.43303087654e-003
  -1.42008333711e-003
  -1.40751265186e-003
  -1.39530242091e-003
  -1.38343718762e-003
  -1.37190237161e-003
  -1.36068420725e-003
  -1.34976968738e-003
  -1.33914651159e-003
  -1.32880303872e-003
  -1.31872824309e-003
  -1.30891167426e-003
  -1.29934341984e-003
  -1.29001407123e-003
  -1.28091469184e-003
  -1.27203678782e-003
  -1.26337228086e-003
  -1.25491348298e-003
  -1.24665307320e-003
  -1.23858407580e-003
  -1.23069984012e-003
  -1.22299402182e-003
  -1.21546056536e-003
  -1.20809368768e-003
  -1.20088786305e-003
  -1.19383780880e-003
  -1.18693847209e-003
  -1.18018501751e-003
  -1.17357281545e-003
  -1.16709743125e-003
  -1.16075461498e-003
  -1.15454029192e-003
  -1.14845055359e-003
  -1.14248164930e-003
  -1.13662997828e-003
  -1.13089208218e-003
  -1.12526463815e-003
  -1.11974445220e-003
</dep>
<dep Pr2.I param>
  +1.71770427960e-002
  +1.01257715939e-002
  +7.21992051238e-003
  +5.64035383183e-003
  +4.64287938159e-003
  +3.95369990589e-003
  +3.44796846219e-003
  +3.06045916295e-003
  +2.75370582763e-003
  +2.50462362770e-003
  +2.29819756940e-003
  +2.12423133392e-003
  +1.97555304076e-003
  +1.84696840305e-003
  +1.73462125179e-003
  +1.63558754333e-003
  +1.54760898338e-003
  +1.46891322255e-003
  +1.39808944503e-003
  +1.33400038829e-003
  +1.27571891120e-003
  +1.22248146387e-003
  +1.17365342175e-003
  +1.12870289363e-003
  +1.08718067828e-003
  +1.04870474676e-003
  +1.01294809992e-003
  +9.79629173264e-004
  +9.48504185863e-004
  +9.19360988276e-004
  +8.92014077024e-004
  +8.66300525216e-004
  +8.42076638332e-004
  +8.19215188659e-004
  +7.97603114595e-004
  +7.77139595999e-004
  +7.57734435720e-004
  +7.39306691835e-004
  +7.21783516348e-004
  +7.05099164850e-004
  +6.89194148444e-004
  +6.74014504555e-004
  +6.59511167697e-004
  +6.45639424429e-004
  +6.32358439716e-004
  +6.19630843952e-004
  +6.07422371772e-004
  +5.95701545202e-004
  +5.84439394941e-004
  +5.73609214498e-004
  +5.63186342757e-004
  +5.53147971184e-004
  +5.43472972500e-004
  +5.34141748053e-004
  +5.25136091568e-004
  +5.16439067237e-004
  +5.08034900422e-004
  +4.99908879509e-004
  +4.92047267513e-004
  +4.84437222440e-004
  +4.77066725307e-004
  +4.69924515043e-004
  +4.63000029460e-004
  +4.56283351693e-004
  +4.49765161489e-004
  +4.43436690853e-004
  +4.37289683603e-004
  +4.31316358441e-004
  +4.25509375178e-004
  +4.19861803800e-004
  +4.14367096132e-004
  +4.09019059792e-004
  +4.03811834281e-004
  +3.98739868956e-004
  +3.93797902763e-004
  +3.88980945517e-004
  +3.84284260650e-004
  +3.79703349228e-004
  +3.75233935195e-004
  +3.70871951693e-004
  +3.66613528372e-004
  +3.62454979634e-004
  +3.58392793692e-004
  +3.54423622416e-004
  +3.50544271874e-004
  +3.46751693527e-004
  +3.43042976017e-004
  +3.39415337520e-004
  +3.35866118589e-004
  +3.32392775475e-004
  +3.28992873886e-004
  +3.25664083141e-004
  +3.22404170696e-004
  +3.19210997014e-004
  +3.16082510762e-004
  +3.13016744286e-004
  +3.10011809380e-004
  +3.07065893306e-004
  +3.04177255035e-004
  +3.01344221741e-004
  +2.98565185467e-004
</dep>
<dep N3.V param>
  -1.45733456268e+000
  -4.35914210924e-001
  -3.10812534470e-001
  -2.42811221147e-001
  -1.99869929755e-001
  -1.70201011496e-001
  -1.48429602533e-001
  -1.31747660215e-001
  -1.18542242240e-001
  -1.07819539970e-001
  -9.89331574180e-002
  -9.14441448700e-002
  -8.50437554059e-002
  -7.95083775858e-002
  -7.46720057624e-002
  -7.04087620220e-002
  -6.66214286864e-002
  -6.32337077498e-002
  -6.01848650013e-002
  -5.74259425034e-002
  -5.49170278773e-002
  -5.26252512051e-002
  -5.05232926847e-002
  -4.85882550815e-002
  -4.68008008774e-002
  -4.51444842492e-002
  -4.36052283406e-002
  -4.21709122045e-002
  -4.08310414296e-002
  -3.95764832998e-002
  -3.83992521729e-002
  -3.72923342987e-002
  -3.62495438542e-002
  -3.52654038894e-002
  -3.43350472854e-002
  -3.34541339000e-002
  -3.26187808956e-002
  -3.18255038578e-002
  -3.10711668037e-002
  -3.03529395490e-002
  -2.96682611991e-002
  -2.90148087591e-002
  -2.83904700459e-002
  -2.77933202248e-002
  -2.72216014202e-002
  -2.66737049376e-002
  -2.61481557149e-002
  -2.56435986824e-002
  -2.51587867646e-002
  -2.46925702961e-002
  -2.42438876615e-002
  -2.38117569958e-002
  -2.33952688088e-002
  -2.29935794156e-002
  -2.26059050701e-002
  -2.22315167179e-002
  -2.18697352910e-002
  -2.15199274821e-002
  -2.11815019406e-002
  -2.08539058433e-002
  -2.05366217961e-002
  -2.02291650317e-002
  -1.99310808686e-002
  -1.96419424049e-002
  -1.93613484220e-002
  -1.90889214749e-002
  -1.88243061513e-002
  -1.85671674815e-002
  -1.83171894851e-002
  -1.80740738386e-002
  -1.78375386562e-002
  -1.76073173681e-002
  -1.73831576916e-002
  -1.71648206826e-002
  -1.69520798634e-002
  -1.67447204165e-002
  -1.65425384421e-002
  -1.63453402704e-002
  -1.61529418258e-002
  -1.59651680382e-002
  -1.57818522970e-002
  -1.56028359447e-002
  -1.54279678061e-002
  -1.52571037510e-002
  -1.50901062872e-002
  -1.49268441813e-002
  -1.47671921054e-002
  -1.46110303077e-002
  -1.44582443044e-002
  -1.43087245924e-002
  -1.41623663806e-002
  -1.40190693378e-002
  -1.38787373578e-002
  -1.37412783380e-002
  -1.36066039726e-002
  -1.34746295583e-002
  -1.33452738118e-002
  -1.32184586985e-002
  -1.30941092707e-002
  -1.29721535169e-002
  -1.28525222177e-002
</dep>
<dep N6.V param>
  -1.45733456268e+000
  -4.35914210924e-001
  -3.10812534470e-001
  -2.42811221147e-001
  -1.99869929755e-001
  -1.70201011496e-001
  -1.48429602533e-001
  -1.31747660215e-001
  -1.18542242240e-001
  -1.07819539970e-001
  -9.89331574180e-002
  -9.14441448700e-002
  -8.50437554059e-002
  -7.95083775858e-002
  -7.46720057624e-002
  -7.04087620220e-002
  -6.66214286864e-002
  -6.32337077498e-002
  -6.01848650013e-002
  -5.74259425034e-002
  -5.49170278773e-002
  -5.26252512051e-002
  -5.05232926847e-002
  -4.85882550815e-002
  -4.68008008774e-002
  -4.51444842492e-002
  -4.36052283406e-002
  -4.21709122045e-002
  -4.08310414296e-002
  -3.95764832998e-002
  -3.83992521729e-002
  -3.72923342987e-002
  -3.62495438542e-002
  -3.52654038894e-002
  -3.43350472854e-002
  -3.34541339000e-002
  -3.26187808956e-002
  -3.18255038578e-002
  -3.10711668037e-002
  -3.03529395490e-002
  -2.96682611991e-002
  -2.90148087591e-002
  -2.83904700459e-002
  -2.77933202248e-002
  -2.72216014202e-002
  -2.66737049376e-002
  -2.61481557149e-002
  -2.56435986824e-002
  -2.51587867646e-002
  -2.46925702961e-002
  -2.42438876615e-002
  -2.38117569958e-002
  -2.33952688088e-002
  -2.29935794156e-002
  -2.26059050701e-002
  -2.22315167179e-002
  -2.18697352910e-002
  -2.15199274821e-002
  -2.11815019406e-002
  -2.08539058433e-002
  -2.05366217961e-002
  -2.02291650317e-002
  -1.99310808686e-002
  -1.96419424049e-002
  -1.93613484220e-002
  -1.90889214749e-002
  -1.88243061513e-002
  -1.85671674815e-002
  -1.83171894851e-002
  -1.80740738386e-002
  -1.78375386562e-002
  -1.76073173681e-002
  -1.73831576916e-002
  -1.71648206826e-002
  -1.69520798634e-002
  -1.67447204165e-002
  -1.65425384421e-002
  -1.63453402704e-002
  -1.61529418258e-002
  -1.59651680382e-002
  -1.57818522970e-002
  -1.56028359447e-002
  -1.54279678061e-002
  -1.52571037510e-002
  -1.50901062872e-002
  -1.49268441813e-002
  -1.47671921054e-002
  -1.46110303077e-002
  -1.44582443044e-002
  -1.43087245924e-002
  -1.41623663806e-002
  -1.40190693378e-002
  -1.38787373578e-002
  -1.37412783380e-002
  -1.36066039726e-002
  -1.34746295583e-002
  -1.33452738118e-002
  -1.32184586985e-002
  -1.30941092707e-002
  -1.29721535169e-002
  -1.28525222177e-002
</dep>
<dep N8.V param>
  -1.43186400475e+001
  -1.42116413492e+001
  -1.41688397340e+001
  -1.41455741302e+001
  -1.41308824275e+001
  -1.41207316633e+001
  -1.41132829104e+001
  -1.41075754403e+001
  -1.41030574096e+001
  -1.40993888019e+001
  -1.40963484627e+001
  -1.40937862122e+001
  -1.40915964174e+001
  -1.40897025729e+001
  -1.40880478827e+001
  -1.40865892794e+001
  -1.40852935015e+001
  -1.40841344449e+001
  -1.40830913302e+001
  -1.40821474073e+001
  -1.40812890207e+001
  -1.40805049246e+001
  -1.40797857718e+001
  -1.40791237284e+001
  -1.40785121784e+001
  -1.40779454952e+001
  -1.40774188624e+001
  -1.40769281332e+001
  -1.40764697170e+001
  -1.40760404892e+001
  -1.40756377177e+001
  -1.40752590028e+001
  -1.40749022281e+001
  -1.40745655197e+001
  -1.40742472125e+001
  -1.40739458215e+001
  -1.40736600183e+001
  -1.40733886108e+001
  -1.40731305260e+001
  -1.40728847956e+001
  -1.40726505434e+001
  -1.40724269747e+001
  -1.40722133668e+001
  -1.40720090612e+001
  -1.40718134564e+001
  -1.40716260020e+001
  -1.40714461934e+001
  -1.40712735670e+001
  -1.40711076960e+001
  -1.40709481872e+001
  -1.40707946774e+001
  -1.40706468305e+001
  -1.40705043355e+001
  -1.40703669036e+001
  -1.40702342668e+001
  -1.40701061756e+001
  -1.40699823976e+001
  -1.40698627163e+001
  -1.40697469292e+001
  -1.40696348472e+001
  -1.40695262934e+001
  -1.40694211017e+001
  -1.40693191168e+001
  -1.40692201926e+001
  -1.40691241916e+001
  -1.40690309849e+001
  -1.40689404509e+001
  -1.40688524748e+001
  -1.40687669487e+001
  -1.40686837704e+001
  -1.40686028436e+001
  -1.40685240769e+001
  -1.40684473841e+001
  -1.40683726834e+001
  -1.40682998974e+001
  -1.40682289526e+001
  -1.40681597791e+001
  -1.40680923108e+001
  -1.40680264846e+001
  -1.40679622407e+001
  -1.40678995221e+001
  -1.40678382744e+001
  -1.40677784459e+001
  -1.40677199874e+001
  -1.40676628518e+001
  -1.40676069942e+001
  -1.40675523717e+001
  -1.40674989433e+001
  -1.40674466699e+001
  -1.40673955141e+001
  -1.40673454399e+001
  -1.40672964130e+001
  -1.40672484006e+001
  -1.40672013711e+001
  -1.40671552943e+001
  -1.40671101413e+001
  -1.40670658842e+001
  -1.40670224964e+001
  -1.40669799521e+001
  -1.40669382268e+001
  -1.40668972968e+001
</dep>
<dep N10.V param>
  -1.50000000000e+001
  -1.50000000000e+001
  -1.50000000000e+001
  -1.50000000000e+001
  -1.50000000000e+001
  -1.50000000000e+001
  -1.50000000000e+001
  -1.50000000000e+001
  -1.50000000000e+001
  -1.50000000000e+001
  -1.50000000000e+001
  -1.50000000000e+001
  -1.50000000000e+001
  -1.50000000000e+001
  -1.50000000000e+001
  -1.50000000000e+001
  -1.50000000000e+001
  -1.50000000000e+001
  -1.50000000000e+001
  -1.50000000000e+001
  -1.50000000000e+001
  -1.50000000000e+001
  -1.50000000000e+001
  -1.50000000000e+001
  -1.50000000000e+001
  -1.50000000000e+001
  -1.50000000000e+001
  -1.50000000000e+001
  -1.50000000000e+001
  -1.50000000000e+001
  -1.50000000000e+001
  -1.50000000000e+001
  -1.50000000000e+001
  -1.50000000000e+001
  -1.50000000000e+001
  -1.50000000000e+001
  -1.50000000000e+001
  -1.50000000000e+001
  -1.50000000000e+001
  -1.50000000000e+001
  -1.50000000000e+001
  -1.50000000000e+001
  -1.50000000000e+001
  -1.50000000000e+001
  -1.50000000000e+001
  -1.50000000000e+001
  -1.50000000000e+001
  -1.50000000000e+001
  -1.50000000000e+001
  -1.50000000000e+001
  -1.50000000000e+001
  -1.50000000000e+001
  -1.50000000000e+001
  -1.50000000000e+001
  -1.50000000000e+001
  -1.50000000000e+001
  -1.50000000000e+001
  -1.50000000000e+001
  -1.50000000000e+001
  -1.50000000000e+001
  -1.50000000000e+001
  -1.50000000000e+001
  -1.50000000000e+001
  -1.50000000000e+001
  -1.50000000000e+001
  -1.50000000000e+001
  -1.50000000000e+001
  -1.50000000000e+001
  -1.50000000000e+001
  -1.50000000000e+001
  -1.50000000000e+001
  -1.50000000000e+001
  -1.50000000000e+001
  -1.50000000000e+001
  -1.50000000000e+001
  -1.50000000000e+001
  -1.50000000000e+001
  -1.50000000000e+001
  -1.50000000000e+001
  -1.50000000000e+001
  -1.50000000000e+001
  -1.50000000000e+001
  -1.50000000000e+001
  -1.50000000000e+001
  -1.50000000000e+001
  -1.50000000000e+001
  -1.50000000000e+001
  -1.50000000000e+001
  -1.50000000000e+001
  -1.50000000000e+001
  -1.50000000000e+001
  -1.50000000000e+001
  -1.50000000000e+001
  -1.50000000000e+001
  -1.50000000000e+001
  -1.50000000000e+001
  -1.50000000000e+001
  -1.50000000000e+001
  -1.50000000000e+001
  -1.50000000000e+001
  -1.50000000000e+001
</dep>
<dep N9.V param>
  -1.50000000000e+001
  -1.48788100832e+001
  -1.48271800049e+001
  -1.47974857985e+001
  -1.47777340506e+001
  -1.47634093199e+001
  -1.47524076202e+001
  -1.47436068265e+001
  -1.47363494759e+001
  -1.47302226367e+001
  -1.47249526919e+001
  -1.47203504501e+001
  -1.47162804779e+001
  -1.47126429908e+001
  -1.47093626593e+001
  -1.47063814207e+001
  -1.47036537082e+001
  -1.47011431952e+001
  -1.46988205174e+001
  -1.46966616453e+001
  -1.46946466972e+001
  -1.46927590602e+001
  -1.46909847287e+001
  -1.46893117985e+001
  -1.46877300772e+001
  -1.46862307782e+001
  -1.46848062799e+001
  -1.46834499331e+001
  -1.46821559065e+001
  -1.46809190601e+001
  -1.46797348434e+001
  -1.46785992099e+001
  -1.46775085472e+001
  -1.46764596185e+001
  -1.46754495131e+001
  -1.46744756053e+001
  -1.46735355185e+001
  -1.46726270962e+001
  -1.46717483753e+001
  -1.46708975647e+001
  -1.46700730259e+001
  -1.46692732565e+001
  -1.46684968759e+001
  -1.46677426126e+001
  -1.46670092935e+001
  -1.46662958337e+001
  -1.46656012285e+001
  -1.46649245455e+001
  -1.46642649183e+001
  -1.46636215400e+001
  -1.46629936586e+001
  -1.46623805716e+001
  -1.46617816222e+001
  -1.46611961955e+001
  -1.46606237148e+001
  -1.46600636388e+001
  -1.46595154586e+001
  -1.46589786956e+001
  -1.46584528985e+001
  -1.46579376419e+001
  -1.46574325243e+001
  -1.46569371661e+001
  -1.46564512080e+001
  -1.46559743102e+001
  -1.46555061505e+001
  -1.46550464230e+001
  -1.46545948376e+001
  -1.46541511186e+001
  -1.46537150037e+001
  -1.46532862433e+001
  -1.46528645997e+001
  -1.46524498463e+001
  -1.46520417671e+001
  -1.46516401557e+001
  -1.46512448152e+001
  -1.46508555573e+001
  -1.46504722019e+001
  -1.46500945766e+001
  -1.46497225165e+001
  -1.46493558635e+001
  -1.46489944660e+001
  -1.46486381787e+001
  -1.46482868620e+001
  -1.46479403820e+001
  -1.46475986100e+001
  -1.46472614223e+001
  -1.46469287000e+001
  -1.46466003285e+001
  -1.46462761978e+001
  -1.46459562017e+001
  -1.46456402380e+001
  -1.46453282082e+001
  -1.46450200173e+001
  -1.46447155737e+001
  -1.46444147888e+001
  -1.46441175774e+001
  -1.46438238569e+001
  -1.46435335477e+001
  -1.46432465726e+001
  -1.46429628573e+001
  -1.46426823298e+001
</dep>
<dep _net1.V param>
  -2.12003731166e+000
  -1.08419259245e+000
  -9.50305253065e-001
  -8.75898602019e-001
  -8.27911956489e-001
  -7.94079222214e-001
  -7.68762314930e-001
  -7.48992756211e-001
  -7.33052536237e-001
  -7.19875271001e-001
  -7.08762323055e-001
  -6.99235881342e-001
  -6.90957504288e-001
  -6.83680377522e-001
  -6.77220019155e-001
  -6.71435598673e-001
  -6.66217626440e-001
  -6.61479608110e-001
  -6.57152245385e-001
  -6.53179317555e-001
  -6.49514699699e-001
  -6.46120166303e-001
  -6.42963748156e-001
  -6.40018485805e-001
  -6.37261471773e-001
  -6.34673106053e-001
  -6.32236511193e-001
  -6.29937068269e-001
  -6.27762045407e-001
  -6.25700297918e-001
  -6.23742024346e-001
  -6.21878566580e-001
  -6.20102244950e-001
  -6.18406221343e-001
  -6.16784384887e-001
  -6.15231255972e-001
  -6.13741905224e-001
  -6.12311884785e-001
  -6.10937169748e-001
  -6.09614108027e-001
  -6.08339377273e-001
  -6.07109947698e-001
  -6.05923049871e-001
  -6.04776146732e-001
  -6.03666909180e-001
  -6.02593194708e-001
  -6.01553028663e-001
  -6.00544587733e-001
  -5.99566185384e-001
  -5.98616258962e-001
  -5.97693358248e-001
  -5.96796135272e-001
  -5.95923335237e-001
  -5.95073788402e-001
  -5.94246402808e-001
  -5.93440157752e-001
  -5.92654097917e-001
  -5.91887328080e-001
  -5.91139008332e-001
  -5.90408349756e-001
  -5.89694610506e-001
  -5.88997092257e-001
  -5.88315136964e-001
  -5.87648123921e-001
  -5.86995467071e-001
  -5.86356612556e-001
  -5.85731036467e-001
  -5.85118242790e-001
  -5.84517761518e-001
  -5.83929146917e-001
  -5.83351975932e-001
  -5.82785846721e-001
  -5.82230377299e-001
  -5.81685204287e-001
  -5.81149981761e-001
  -5.80624380182e-001
  -5.80108085406e-001
  -5.79600797766e-001
  -5.79102231225e-001
  -5.78612112578e-001
  -5.78130180723e-001
  -5.77656185973e-001
  -5.77189889418e-001
  -5.76731062333e-001
  -5.76279485621e-001
  -5.75834949295e-001
  -5.75397251992e-001
  -5.74966200522e-001
  -5.74541609441e-001
  -5.74123300657e-001
  -5.73711103051e-001
  -5.73304852131e-001
  -5.72904389703e-001
  -5.72509563560e-001
  -5.72120227191e-001
  -5.71736239511e-001
  -5.71357464599e-001
  -5.70983771458e-001
  -5.70615033785e-001
  -5.70251129754e-001
  -5.69891941813e-001
</dep>
<dep N5.V param>
  -1.98809532524e+000
  +4.98561189359e+000
  +7.85949861325e+000
  +9.42169006032e+000
  +1.04081922916e+001
  +1.10897907931e+001
  +1.15899591909e+001
  +1.19732058878e+001
  +1.22765849365e+001
  +1.25229272322e+001
  +1.27270826039e+001
  +1.28991352107e+001
  +1.30461780427e+001
  +1.31733482494e+001
  +1.32844595820e+001
  +1.33824039196e+001
  +1.34694147154e+001
  +1.35472448229e+001
  +1.36172895389e+001
  +1.36806736160e+001
  +1.37383139968e+001
  +1.37909658322e+001
  +1.38392567659e+001
  +1.38837128382e+001
  +1.39247783092e+001
  +1.39628310055e+001
  +1.39981943292e+001
  +1.40311467476e+001
  +1.40619293602e+001
  +1.40907519826e+001
  +1.41177980778e+001
  +1.41432287806e+001
  +1.41671862047e+001
  +1.41897961784e+001
  +1.42111705197e+001
  +1.42314089396e+001
  +1.42506006431e+001
  +1.42688256818e+001
  +1.42861561023e+001
  +1.43026569260e+001
  +1.43183869872e+001
  +1.43333996550e+001
  +1.43477434551e+001
  +1.43614626092e+001
  +1.43745975031e+001
  +1.43871850953e+001
  +1.43992592743e+001
  +1.44108511718e+001
  +1.44219894384e+001
  +1.44327004869e+001
  +1.44430087070e+001
  +1.44529366565e+001
  +1.44625052302e+001
  +1.44717338112e+001
  +1.44806404054e+001
  +1.44892417625e+001
  +1.44975534835e+001
  +1.45055901182e+001
  +1.45133652524e+001
  +1.45208915870e+001
  +1.45281810087e+001
  +1.45352446546e+001
  +1.45420929709e+001
  +1.45487357652e+001
  +1.45551822553e+001
  +1.45614411127e+001
  +1.45675205029e+001
  +1.45734281215e+001
  +1.45791712279e+001
  +1.45847566760e+001
  +1.45901909419e+001
  +1.45954801499e+001
  +1.46006300959e+001
  +1.46056462696e+001
  +1.46105338742e+001
  +1.46152978449e+001
  +1.46199428662e+001
  +1.46244733876e+001
  +1.46288936381e+001
  +1.46332076398e+001
  +1.46374192204e+001
  +1.46415320251e+001
  +1.46455495270e+001
  +1.46494750374e+001
  +1.46533117151e+001
  +1.46570625751e+001
  +1.46607304967e+001
  +1.46643182312e+001
  +1.46678284087e+001
  +1.46712635451e+001
  +1.46746260477e+001
  +1.46779182218e+001
  +1.46811422752e+001
  +1.46843003240e+001
  +1.46873943969e+001
  +1.46904264399e+001
  +1.46933983205e+001
  +1.46963118315e+001
  +1.46991686948e+001
  +1.47019705647e+001
  +1.47047190316e+001
</dep>
<dep N4.V param>
  -2.12003731166e+000
  -1.08419259245e+000
  -9.50305253065e-001
  -8.75898602019e-001
  -8.27911956489e-001
  -7.94079222214e-001
  -7.68762314930e-001
  -7.48992756211e-001
  -7.33052536237e-001
  -7.19875271001e-001
  -7.08762323055e-001
  -6.99235881342e-001
  -6.90957504288e-001
  -6.83680377522e-001
  -6.77220019155e-001
  -6.71435598673e-001
  -6.66217626440e-001
  -6.61479608110e-001
  -6.57152245385e-001
  -6.53179317555e-001
  -6.49514699699e-001
  -6.46120166303e-001
  -6.42963748156e-001
  -6.40018485805e-001
  -6.37261471773e-001
  -6.34673106053e-001
  -6.32236511193e-001
  -6.29937068269e-001
  -6.27762045407e-001
  -6.25700297918e-001
  -6.23742024346e-001
  -6.21878566580e-001
  -6.20102244950e-001
  -6.18406221343e-001
  -6.16784384887e-001
  -6.15231255972e-001
  -6.13741905224e-001
  -6.12311884785e-001
  -6.10937169748e-001
  -6.09614108027e-001
  -6.08339377273e-001
  -6.07109947698e-001
  -6.05923049871e-001
  -6.04776146732e-001
  -6.03666909180e-001
  -6.02593194708e-001
  -6.01553028663e-001
  -6.00544587733e-001
  -5.99566185384e-001
  -5.98616258962e-001
  -5.97693358248e-001
  -5.96796135272e-001
  -5.95923335237e-001
  -5.95073788402e-001
  -5.94246402808e-001
  -5.93440157752e-001
  -5.92654097917e-001
  -5.91887328080e-001
  -5.91139008332e-001
  -5.90408349756e-001
  -5.89694610506e-001
  -5.88997092257e-001
  -5.88315136964e-001
  -5.87648123921e-001
  -5.86995467071e-001
  -5.86356612556e-001
  -5.85731036467e-001
  -5.85118242790e-001
  -5.84517761518e-001
  -5.83929146917e-001
  -5.83351975932e-001
  -5.82785846721e-001
  -5.82230377299e-001
  -5.81685204287e-001
  -5.81149981761e-001
  -5.80624380182e-001
  -5.80108085406e-001
  -5.79600797766e-001
  -5.79102231225e-001
  -5.78612112578e-001
  -5.78130180723e-001
  -5.77656185973e-001
  -5.77189889418e-001
  -5.76731062333e-001
  -5.76279485621e-001
  -5.75834949295e-001
  -5.75397251992e-001
  -5.74966200522e-001
  -5.74541609441e-001
  -5.74123300657e-001
  -5.73711103051e-001
  -5.73304852131e-001
  -5.72904389703e-001
  -5.72509563560e-001
  -5.72120227191e-001
  -5.71736239511e-001
  -5.71357464599e-001
  -5.70983771458e-001
  -5.70615033785e-001
  -5.70251129754e-001
  -5.69891941813e-001
</dep>
<dep N2.V param>
  -1.96145344700e+000
  +5.16439222395e+000
  +7.98719496486e+000
  +9.52154348545e+000
  +1.04904361409e+001
  +1.11598554554e+001
  +1.16510801596e+001
  +1.20274702123e+001
  +1.23254192644e+001
  +1.25673509600e+001
  +1.27678500627e+001
  +1.29368206339e+001
  +1.30812289288e+001
  +1.32061202734e+001
  +1.33152402277e+001
  +1.34114289481e+001
  +1.34968799315e+001
  +1.35733146661e+001
  +1.36421034766e+001
  +1.37043509818e+001
  +1.37609577080e+001
  +1.38126652842e+001
  +1.38600901142e+001
  +1.39037488166e+001
  +1.39440776938e+001
  +1.39814478038e+001
  +1.40161767548e+001
  +1.40485380246e+001
  +1.40787683922e+001
  +1.41070739136e+001
  +1.41336347636e+001
  +1.41586091891e+001
  +1.41821367566e+001
  +1.42043410388e+001
  +1.42253318494e+001
  +1.42452071119e+001
  +1.42640544320e+001
  +1.42819524260e+001
  +1.42989718490e+001
  +1.43151765562e+001
  +1.43306243272e+001
  +1.43453675741e+001
  +1.43594539524e+001
  +1.43729268907e+001
  +1.43858260506e+001
  +1.43981877277e+001
  +1.44100452029e+001
  +1.44214290494e+001
  +1.44323674041e+001
  +1.44428862058e+001
  +1.44530094071e+001
  +1.44627591608e+001
  +1.44721559871e+001
  +1.44812189213e+001
  +1.44899656466e+001
  +1.44984126118e+001
  +1.45065751383e+001
  +1.45144675149e+001
  +1.45221030837e+001
  +1.45294943175e+001
  +1.45366528899e+001
  +1.45435897383e+001
  +1.45503151213e+001
  +1.45568386706e+001
  +1.45631694388e+001
  +1.45693159416e+001
  +1.45752861979e+001
  +1.45810877655e+001
  +1.45867277735e+001
  +1.45922129526e+001
  +1.45975496629e+001
  +1.46027439187e+001
  +1.46078014120e+001
  +1.46127275340e+001
  +1.46175273944e+001
  +1.46222058399e+001
  +1.46267674711e+001
  +1.46312166574e+001
  +1.46355575521e+001
  +1.46397941050e+001
  +1.46439300752e+001
  +1.46479690424e+001
  +1.46519144175e+001
  +1.46557694522e+001
  +1.46595372488e+001
  +1.46632207680e+001
  +1.46668228376e+001
  +1.46703461594e+001
  +1.46737933165e+001
  +1.46771667793e+001
  +1.46804689123e+001
  +1.46837019790e+001
  +1.46868681480e+001
  +1.46899694971e+001
  +1.46930080188e+001
  +1.46959856241e+001
  +1.46989041469e+001
  +1.47017653479e+001
  +1.47045709181e+001
  +1.47073224821e+001
  +1.47100216017e+001
</dep>
<dep _net2.V param>
  -1.98809532524e+000
  +4.98561189359e+000
  +7.85949861325e+000
  +9.42169006032e+000
  +1.04081922916e+001
  +1.10897907931e+001
  +1.15899591909e+001
  +1.19732058878e+001
  +1.22765849365e+001
  +1.25229272322e+001
  +1.27270826039e+001
  +1.28991352107e+001
  +1.30461780427e+001
  +1.31733482494e+001
  +1.32844595820e+001
  +1.33824039196e+001
  +1.34694147154e+001
  +1.35472448229e+001
  +1.36172895389e+001
  +1.36806736160e+001
  +1.37383139968e+001
  +1.37909658322e+001
  +1.38392567659e+001
  +1.38837128382e+001
  +1.39247783092e+001
  +1.39628310055e+001
  +1.39981943292e+001
  +1.40311467476e+001
  +1.40619293602e+001
  +1.40907519826e+001
  +1.41177980778e+001
  +1.41432287806e+001
  +1.41671862047e+001
  +1.41897961784e+001
  +1.42111705197e+001
  +1.42314089396e+001
  +1.42506006431e+001
  +1.42688256818e+001
  +1.42861561023e+001
  +1.43026569260e+001
  +1.43183869872e+001
  +1.43333996550e+001
  +1.43477434551e+001
  +1.43614626092e+001
  +1.43745975031e+001
  +1.43871850953e+001
  +1.43992592743e+001
  +1.44108511718e+001
  +1.44219894384e+001
  +1.44327004869e+001
  +1.44430087070e+001
  +1.44529366565e+001
  +1.44625052302e+001
  +1.44717338112e+001
  +1.44806404054e+001
  +1.44892417625e+001
  +1.44975534835e+001
  +1.45055901182e+001
  +1.45133652524e+001
  +1.45208915870e+001
  +1.45281810087e+001
  +1.45352446546e+001
  +1.45420929709e+001
  +1.45487357652e+001
  +1.45551822553e+001
  +1.45614411127e+001
  +1.45675205029e+001
  +1.45734281215e+001
  +1.45791712279e+001
  +1.45847566760e+001
  +1.45901909419e+001
  +1.45954801499e+001
  +1.46006300959e+001
  +1.46056462696e+001
  +1.46105338742e+001
  +1.46152978449e+001
  +1.46199428662e+001
  +1.46244733876e+001
  +1.46288936381e+001
  +1.46332076398e+001
  +1.46374192204e+001
  +1.46415320251e+001
  +1.46455495270e+001
  +1.46494750374e+001
  +1.46533117151e+001
  +1.46570625751e+001
  +1.46607304967e+001
  +1.46643182312e+001
  +1.46678284087e+001
  +1.46712635451e+001
  +1.46746260477e+001
  +1.46779182218e+001
  +1.46811422752e+001
  +1.46843003240e+001
  +1.46873943969e+001
  +1.46904264399e+001
  +1.46933983205e+001
  +1.46963118315e+001
  +1.46991686948e+001
  +1.47019705647e+001
  +1.47047190316e+001
</dep>
<dep N1.V param>
  +1.50000000000e+001
  +1.50000000000e+001
  +1.50000000000e+001
  +1.50000000000e+001
  +1.50000000000e+001
  +1.50000000000e+001
  +1.50000000000e+001
  +1.50000000000e+001
  +1.50000000000e+001
  +1.50000000000e+001
  +1.50000000000e+001
  +1.50000000000e+001
  +1.50000000000e+001
  +1.50000000000e+001
  +1.50000000000e+001
  +1.50000000000e+001
  +1.50000000000e+001
  +1.50000000000e+001
  +1.50000000000e+001
  +1.50000000000e+001
  +1.50000000000e+001
  +1.50000000000e+001
  +1.50000000000e+001
  +1.50000000000e+001
  +1.50000000000e+001
  +1.50000000000e+001
  +1.50000000000e+001
  +1.50000000000e+001
  +1.50000000000e+001
  +1.50000000000e+001
  +1.50000000000e+001
  +1.50000000000e+001
  +1.50000000000e+001
  +1.50000000000e+001
  +1.50000000000e+001
  +1.50000000000e+001
  +1.50000000000e+001
  +1.50000000000e+001
  +1.50000000000e+001
  +1.50000000000e+001
  +1.50000000000e+001
  +1.50000000000e+001
  +1.50000000000e+001
  +1.50000000000e+001
  +1.50000000000e+001
  +1.50000000000e+001
  +1.50000000000e+001
  +1.50000000000e+001
  +1.50000000000e+001
  +1.50000000000e+001
  +1.50000000000e+001
  +1.50000000000e+001
  +1.50000000000e+001
  +1.50000000000e+001
  +1.50000000000e+001
  +1.50000000000e+001
  +1.50000000000e+001
  +1.50000000000e+001
  +1.50000000000e+001
  +1.50000000000e+001
  +1.50000000000e+001
  +1.50000000000e+001
  +1.50000000000e+001
  +1.50000000000e+001
  +1.50000000000e+001
  +1.50000000000e+001
  +1.50000000000e+001
  +1.50000000000e+001
  +1.50000000000e+001
  +1.50000000000e+001
  +1.50000000000e+001
  +1.50000000000e+001
  +1.50000000000e+001
  +1.50000000000e+001
  +1.50000000000e+001
  +1.50000000000e+001
  +1.50000000000e+001
  +1.50000000000e+001
  +1.50000000000e+001
  +1.50000000000e+001
  +1.50000000000e+001
  +1.50000000000e+001
  +1.50000000000e+001
  +1.50000000000e+001
  +1.50000000000e+001
  +1.50000000000e+001
  +1.50000000000e+001
  +1.50000000000e+001
  +1.50000000000e+001
  +1.50000000000e+001
  +1.50000000000e+001
  +1.50000000000e+001
  +1.50000000000e+001
  +1.50000000000e+001
  +1.50000000000e+001
  +1.50000000000e+001
  +1.50000000000e+001
  +1.50000000000e+001
  +1.50000000000e+001
  +1.50000000000e+001
  +1.50000000000e+001
</dep>
<dep _net0.V param>
  -1.96145344700e+000
  +5.16439222395e+000
  +7.98719496486e+000
  +9.52154348545e+000
  +1.04904361409e+001
  +1.11598554554e+001
  +1.16510801596e+001
  +1.20274702123e+001
  +1.23254192644e+001
  +1.25673509600e+001
  +1.27678500627e+001
  +1.29368206339e+001
  +1.30812289288e+001
  +1.32061202734e+001
  +1.33152402277e+001
  +1.34114289481e+001
  +1.34968799315e+001
  +1.35733146661e+001
  +1.36421034766e+001
  +1.37043509818e+001
  +1.37609577080e+001
  +1.38126652842e+001
  +1.38600901142e+001
  +1.39037488166e+001
  +1.39440776938e+001
  +1.39814478038e+001
  +1.40161767548e+001
  +1.40485380246e+001
  +1.40787683922e+001
  +1.41070739136e+001
  +1.41336347636e+001
  +1.41586091891e+001
  +1.41821367566e+001
  +1.42043410388e+001
  +1.42253318494e+001
  +1.42452071119e+001
  +1.42640544320e+001
  +1.42819524260e+001
  +1.42989718490e+001
  +1.43151765562e+001
  +1.43306243272e+001
  +1.43453675741e+001
  +1.43594539524e+001
  +1.43729268907e+001
  +1.43858260506e+001
  +1.43981877277e+001
  +1.44100452029e+001
  +1.44214290494e+001
  +1.44323674041e+001
  +1.44428862058e+001
  +1.44530094071e+001
  +1.44627591608e+001
  +1.44721559871e+001
  +1.44812189213e+001
  +1.44899656466e+001
  +1.44984126118e+001
  +1.45065751383e+001
  +1.45144675149e+001
  +1.45221030837e+001
  +1.45294943175e+001
  +1.45366528899e+001
  +1.45435897383e+001
  +1.45503151213e+001
  +1.45568386706e+001
  +1.45631694388e+001
  +1.45693159416e+001
  +1.45752861979e+001
  +1.45810877655e+001
  +1.45867277735e+001
  +1.45922129526e+001
  +1.45975496629e+001
  +1.46027439187e+001
  +1.46078014120e+001
  +1.46127275340e+001
  +1.46175273944e+001
  +1.46222058399e+001
  +1.46267674711e+001
  +1.46312166574e+001
  +1.46355575521e+001
  +1.46397941050e+001
  +1.46439300752e+001
  +1.46479690424e+001
  +1.46519144175e+001
  +1.46557694522e+001
  +1.46595372488e+001
  +1.46632207680e+001
  +1.46668228376e+001
  +1.46703461594e+001
  +1.46737933165e+001
  +1.46771667793e+001
  +1.46804689123e+001
  +1.46837019790e+001
  +1.46868681480e+001
  +1.46899694971e+001
  +1.46930080188e+001
  +1.46959856241e+001
  +1.46989041469e+001
  +1.47017653479e+001
  +1.47045709181e+001
  +1.47073224821e+001
  +1.47100216017e+001
</dep>
